表格: ~1990年淮北盐区原盐销量统计表
ID: LYG-上-T037
页: [767, 768]
行数: 32
列数: 15

第二章运销·685·      |                 |                 |                 |                 |                
续上表             | 1949~1990年淮北盐区原 |                 |                 |                 |                
表13-14          | 年份              | 合计              | 食盐              | 工业盐             | 农用盐            
年份              | 合计              | 162.34          | 食盐              | 77.29           | 工业盐            
42. 19          | 166.08          | 41.64           | 73.46           | 66.44           | 2.17           
46.36           | 164.30          | 46.01           | 68.35           | 79.62           | 0.96           
43.76           | 182.62          | 42.23           | 75.00           | 0.59            | 89.39          
55.87           | 183.33          | 54.15           | 72.74           | 0.17            | 91.80          
72.76           | 193.53          | 70.49           | 77.28           | 0.53            | 98.94          
70.45           | 209.78          | 66.88           | 84.53           | 0.73            | 114.29         
68.35           | 205. 82         | 65.39           | 83.48           | 0.28            | 112.68         
86.47           | 211.64          | 79.80           | 82.67           | 2.35            | 118.39         
82.38           | 217.27          | 69.88           | 85.55           | 8.27            | 124. 00        
96.17           | 240.67          | 82.98           | 72.30           | 8.83            | 137.00         
125.05          | 97.38           | 11.53           | 9.17            | 6.97            |                
... (17 行省略)