表格: （第290页表格）
ID: LYG-上-T008
页: [290]
行数: 18
列数: 9

续上表             |                 |                 |                 |                 |                
年份              | 年末总人口           | （万人）            | 男(万人)           | 按性别分            | 女(万人)          
274.54          | 139.14          | 135.40          | 102.76          | 50.70           | 49.30          
275.50          | 139.22          | 136.28          | 102. 16         | 50.50           | 49.50          
278.64          | 140.91          | 137.73          | 102.31          | 50.60           | 49.40          
283.86          | 143.47          | 140.39          | 102.19          | 50.50           | 49.50          
289.63          | 146.83          | 142.80          | 102.82          | 50.70           | 49.30          
292.45          | 148.78          | 143.67          | 103.56          | 50.90           | 49.10          
296.25          | 151,29          | 144.96          | 104.37          | 51.10           | 48.90          
300.63          | 154.06          | 146.57          | 105.11          | 51.30           | 48.70          
305.27          | 156.69          | 148.58          | 105.46          | 51.30           | 48.70          
311.72          | 160.19          | 151.53          | 105.72          | 51.40           | 48.60          
317.73          | 163.57          | 154.16          | 106.10          | 51.50           | 48.50          
325.04          | 167.45          | 157.58          | 106.26          | 51.50           | 48.50          
340.26          | 174.76          | 165.50          | 105.60          | 51.40           | 48.60          
... (3 行省略)