表格: 业。1970~1990年连云港市化纤业生产经营情况统计表
ID: LYG-上-T041
页: [836]
行数: 25
列数: 21

业。              |                 |                 |                 |                 |                
1970~1990年连云港市化 |                 |                 |                 |                 |                
表15-1           |                 |                 |                 |                 |                
年份              | 维纶纤维/           | 产量(吨)           | 维纶长丝            | 涤纶树酯            | 切片产量           
2.16            | 1.20            |                 |                 |                 |                
11.00           | 6.10            |                 |                 |                 |                
252.00          | 126.06          | 126.80          | - 66.85         |                 |                
169.36          | 82.68           | 66.70           | ~ 20.50         |                 |                
12.98           | 41.19           | 51.50           | 19.80           |                 |                
57.98           | 88.33           | 137.94          | 126.50          | - 17.40         |                
100.90          | 355.01          | 140.79          | 476.40          | 429.00          | 40. 20         
51.94           | 174. 15         | 754.30          | 724.00          | 90.70           | 71.40          
22.54           | 817.67          | 205.39          | 1012.30         | 594.00          | 65,20          
77.74           | 940.55          | 183.20          | 1203 .20        | 733.00          | 90.90          
30.24           | 1701.44         | 278.15          | 1482.00         | 739.00          | 82.60          
... (10 行省略)