表格: （第533页表格）
ID: LYG-上-T024
页: [533, 534]
行数: 33
列数: 37

连云港市志·农林业       | 第五章土壤改良与肥料施用·47 |                 |                 |                 |                
续上表             | 续上表             |                 |                 |                 |                
粮食              | 粮食              | 棉花              |                 |                 |                
年份              | 年份              | (万亩)            | 面积              | (万亩)            | 平均亩产           
567.43          | 743.89          | 318.5           | 27. 18          | 1.5             | 72.5           
564.17          | 763.00          | 345.9           | 28.79           | 2.62            | 64. 76         
568.62          | 769.20          | 359.77          | 22.36           | 7.44            | 87.0           
571.16          | 690.57          | 53.5            | 24.52           | 5.31            | 17.8           
556.07          | 632.64          | 71.5            | 32.49           | 7.63            | 59.05          
576.62          | 551.86          | 25.93           | 5.89            | 11.5            | 55.67          
579.31          | 583.10          | 28.22           | 6.36            | 12.5            | 52.37          
691.62          | 5.39            | 12.0            | 15.34           | 61.5            |                
609. 85         | 5.14            | 7.5             | 25.88           | 41.5            |                
610.31          | 3.67            | 9.0             | 24.36           | 39.0            |                
第五章             | 589.72          | 86.5            | 土壤改良与肥料施用       | 4.56            | 26.5           
... (18 行省略)