续上表
教职工数(人)
班数
学生数
校名
隶属
创办年份
(个)
(人)
小计
专任教师
新浦中学
2197
128
1957
178
38
975
147
111
陇东中学
961
19
延安中学
1971
140
112
29
1450
新浦区
浦东中学
14
724
66
51
1973
临洪中学
80
1982
1080
86
海宁中学
12
588
33
1987
39
锦屏中学
1958
13
602
t8
59
新坝中学
25
1105
82
58
1958
海州区
65
幸福路中学
1974
433
38
蕃薇中学
1975
31
1503
125
06
山中学
1976
10 
603
41
33
1956
朝阳中学
17
964
68
53
南城中学
1958
534
29
106
猴嘴中学
27
1958
1262
71
云台中学
云台区
1970
19
900
54
38
花果山中学
1972
14
781
48
40
中云中学
14
1975
680
43
36
板桥中学
1964
356
27
21
39
墟沟中学
1956
95
2194
169
连云中学
23
1958
1130
102
89
云山中学
1965
351
26
21
海滨中学
1600
1975
28
107
100
连云区
宿城中学
1985
257
18
16
连岛初中
1985
207
16
15
高公岛学校
1969
112
12
12
东港中学
1989
400
32
27
赣榆县中学
170
1923
30
1751
112
青口一中
1976
18
1111
73
59
青口二中
17
1977
1074
72
53
赣马中学
1958
12
849
71
49
海头中学
1957
62
14
751
55
赣榆县
城头中学
1210
1956
20
95
68
沙河中学
1957
61
1154
72
56
城南中学
1971
790
53
44
厉庄中学
1956
19
90
1189
69
石桥中学
1958
12
642
52
37
班庄中学
1972
13
730
38
38