续上表
教职工数(人)
班数
学生数
隶属
校名
创办年份
(人)
(个)
专任教师
小计
驼峰中学
12
666
66
1971
31
岗埠中学
550
IL61
55
30
12
黄川中学
37
14
836
67
1959
石梁河中学
633
1L61
12
40
31
横沟中学
1971
17
945
43
43
南辰中学
1971
12
707
31
30
温泉中学
508
1977
29
23
东海县
李中学
805
1971
14
37
35
16
山左口中学
1971
920
45
40
12
马陵山中学
1971
602
30
32
洪庄中学
40
1960
13
758
33
石湖中学
668
1971
12
41
29
城头中学
1954
10
548
25
30
张湾中学
1971
12
598
43
29
东海县联中43所
板浦中学
1923
130
1400
86
灌云县中学
30
1952
1705
155
伊山中学
1250
1952
21
94
99
杨集中学
1956
24
141
1472
87
同兴中学
1956
12
620
50
43
南岗中学
46
1956
12
672
39
图河中学
1958
17
780
72
25
王集中学
1958
12
610
49
31
小伊中学
1958
12
600
99
43
下车中学
1958
10
570
34
东辛二中
1958
293
25
28
灌云县
伊卢中学
1958
13
603
54
37
龙苴中学
1958
17
900
65
59
四队中学
1958
14
700
60
46
白蚬中学
1958
16
848
69
48
侍庄中学
1958
512
41
31
陡沟中学
26
1958
1500
86
69
树云中学
1958
236
21
圩丰中学
1959
12
682
44
28
燕尾中学
1960
313
25
18
沂北中学
1964
440
42
34
果山中学
1964
308
25
19