1932·
续上表
数量
受伤
死亡
损失折款
火灾起数
项目
(元）
(人)
(起)
(人)
年份
88820
25
1973
27
43960
27
1974
221878
21
21
1975
52866
29
29
1976
86812
17
17
1977
26560
1978
19
19
76665
20
16
20
1979
35
63119
35
1980
79529
17
1981
17
8056
13
1982
13
56
116588
56
1983
136588
41
41
1984
15
464952
1985
53
53
69
803295
1986
69
185679
1987
69
69
656930
1988
331610
45
45
1989
1990
114
114
270260
十一、边防管理
1959年，连云港市公安局清理市区水上船只。1963年，沿海各分局、派出所与市区参
加春汛生产渔船订立安全公约，对出海船只安全情况逐船检查，在每船设治安员1人；协
同有关部门，划定外来船只停泊地段，统一联络信号，统一规定安全制度。1976年上半
年，市公安局各边防派出所把港口船只检查管理纳人渔汛保卫工作，执行进出港申报、定
点停泊、船只看管、查岗查船、验滩等制度。1977年，市公安局边防科会同港务监督部门
精神，制订港口管理规则并公布实施。1980年，市人民边防武装警察支队共办理进出港
签证11025船次，查船300余次、1500条船，打击水上违法分子，整顿港口治安秩序。1982
年，市人民边防警察支队共查船59244条，对查出有违章现象的1016条船只作处理。1983
年9月15日至11月底，市边防分局完成出海船舶、出海船民簿证换发工作。1984年，全
市边防出动2953人次，查船1.37万条次，发现违章船舶623条，均按规定处理。1985年，