第四章
中等教育

续上表
教职工数(人）
班数
学生数
校名
隶属
创办年份
(个)
(人)
小计
专任教师
580
墩尚中学
49
42
1958
633
欢墩初级中学
1958
12
39
38
城东初级中学
1971
478
26
宋庄初级中学
25
1971
335
20
12
官河初级中学
1972
564
37
31
土城初级中学
517
45
1958
31
黑林初级中学
665
1958
12
40
27
吴山初级中学
1972
456
32
12
600
32
金山初级中学
1968
34
马站初级中学
26
495
33
1971
柘汪初级中学
402
26
1958
18
赣榆县
646
九里初级中学
1972
12
41
31
25
10
596
龙河初级中学
1972
32
24
425
32
夹山初级中学
1972
1972
徐山初级中学
35
25
471
门河初级中学
460
30
1972
1971
大岭初级中学
11
583
31
27
殷庄初级中学
665
47
35
1971
12
602
朱堵初级中学
1960
12
43
32
罗阳初级中学
554
1971
12
39
30
375
26
彭口初级中学
1984
20
22
375
陈巷初级中学
1982
17
320
18
17
马集前初级中学
1984
赣榆县联中56所
146
1958
30
1820
86
东海县中学
75
1658
112
东海县第二中学
1979
74
白塔中学
24
1956
1550
98
房山中学
1956
18
1359
95
53
石榴中学
83
53
1213
1953
18
76
57
青湖中学
1956
20
1221
东海县
安峰中学
16
51
1959
18
1167
54
平明中学
83
1957
19
1165
桃林中学
74
1956
18
52
1108
69
双店中学
17
1026
49
1959
1960
浦南中学
82
51
18
1000
867
64
东海县第四中学
1985
15
39
72
754
38
14
西双湖中学
1970