第一章机构与队伍
· 2259-
续上表
年龄结构
性别结构
职称结构
61岁
35 岁
高中
36
46
56
初级
专业结构
总计
男女
55
45
60
助理级员
以下
以上
139
45
102
技工学校教师
42
30
71
80
24
184
3471
2350
1579
卫生技术人员
4568
3634
352
124
185
1741
3888
2225
8039
新闻专业人员
147
11
61
21
75
63
22
168
89
翻译人员
66
31
43
27
18
63
31
97
播音员
10
12
出版专业人员
34
13
15
30
40
图书资料人员
141
177
153
68
78
11
87
318
150
文博人员
27
19
10
20
10
29
46
档案人员
364
351
220
96
318
79
367
231
682
体育教练
29
10
10
16
11
31
艺术人员
161
60
95
64
09
78
12
102
17
221
律师
58
35
16
12
23
23
63
公证员
76
19
35
25
21
24
38
t8
船舶技术人员
43
20
14
13
12
17
45
19
111
26
98
21
96
130
海关专业人员
民航飞行技术人员
232
512
521
377
t8
58
428
655
422
1552
政工专业人员
1320
47
合计
5178
51383|22020
20440
881
32223
14681
2037
14788
23377
73403
33201
二、职称与待遇
1949~1976年，科技人员的技术职称（职务）一般由科技人员所在单位评议、主管部门
审核、劳动人事部门批准。
1977~1978年，市政府任命5名工程师、97名技术员和助理技术员。
1979年9月，连云港市科技干部考核晋升技术职称领导小组成立，组长叶志俊（市委
书记）、副组长李劲松（副市长)等3人。并成立工程、农业技术职称评定委员会，主任李劲
松。按市《关于科技干部晋升技术职称的意见》，至年底共晋升工程师49人、技术员和助
理技术员193人。并对1977~1978年任命的技术职称复查评审。
1980年，全市评定技术职称321人，其中工程师196人、助理工程师105人、技师20
人。同时对1966年前的434名科技人员的技术职称进行套改，计套改高级工程师3人、
工程师5人、助工353人、技术员73人。是年12月，连云港市会计人员技术职称评定委员