信访

续上表
申请结婚未准
准予离婚数
调解不离
转法院处理
准予结婚数
恢复结婚数
年份
登记数
22
45
2153
1976
35
26
114
58
35
1977
44
2112
15
16
53
25
51
1324
1978
48
21
2021
21
58
1979
14
39
1980
4628
62
59
19
67
11
12
4146
1981
79
27
1982
42
4742
48
33
318
145
316
4011
37
1983
11838
274
159
107
161
1266
1984
20961
179
121
1985
30236
131
98
1528
28527
250
95
79
782
14
1986
24
147
153
980
t8
1987
32602
23241
175
402
17
227
1988
26353
1989
505
28
315
190
815
22
348
457
0661
30543
收容改造遣送禁烟禁毒
第七章
民国时期，东海县政府在海州设收容所。建国后，市设生产教养院，收容社会上的游
民。1952年，工农业生产逐步恢复和发展，收容遣送人员减少。1955年，紧缩收容人员。
1957年，在收容游民生产单位中，以搞好生产和加强教育为中心任务，实行按劳取酬，逐
步帮助游民安家立业。1960年，收容人员3810人。1961年、1962年平均每年收容650多
人。1963年，市区流浪人员10366人。1964年市区流浪人员17974人。“文化大革命”中，
市区收容、遣送工作基本正常。1976年收容2591人，及时收容、及时遣送。1978年后，外
流人员多属精神病人、痴呆人员和顽劣儿童。
改造和禁烟禁毒工作在建国初期取得显著效果，起到安定社会的作用。
第一节•收•容
民国时期，社会上流浪乞讨的现象普遍，境内设有收容所，但流离失所的人比比皆是，