续上表
不诉
起诉
免诉
出庭公诉
受案
数量
项目
(人)
(人)
(次)
(人)
(人)
年份
156
159
1962
40
151
142
1963
1964
94
80
1965
93
80
1966
17
16
29
1979
190
170
257
15
58
1980
273
15
115
1981
398
373
121
1982
353
308
1850
1983
1931
09
1656
2092
1821
180
21
1705
1984
765
684
34
1985
750
547
32
1986
650
457
535
25
1987
570
397
816
719
1968
29
500
111
1989
1403
1285
711
1990
1631
1490
785
185
三、出庭公诉
1956年，全市检察机关担负出庭支持公诉，凡法院召开预备庭，检察院均派员出庭，
报告案情和解答审判员提问。当年选择有教育意义的16件案件派员出庭支持公诉。
1957～1959年，在“反右派”斗争中，批判、废止律师辩护制度，公检法实行三员”联合办
公，出庭支持公诉已流于形式。1960年，对出庭支持公诉有所重视，全年起诉案件486件，
均能出庭公诉。市检察院全年向法院提起公诉60名人犯，全部配合法院下乡下厂就地公
诉，开展法制宣传，受教育群众12万人（次），揭发检举材料2756件，帮助破获大小案件
175件，主动投案、坦白各种问题的425人。1961年，全市检察机关贯彻中央提出的“在今
后一定时间内，社会治安管理必须从严”的方针，对于维护社会治安中有必要公开审判的
案件，必须出庭支持公诉，揭发犯罪，宣传法制。1963~1966年，最高人民检察院制定《关
作，把出庭支持公诉工作又提到重要议事日程上来。灌云县检察院要求承办人出庭前必
须做好准备工作，公诉词须经集体讨论，根据案件的犯罪动机、目的、手段等进行揭发，宣
传法制，教育群众遵纪守法。1966年下半年，受“文化大革命”影响，出庭支持公诉工作中
止。