·2346·”连云港市志文化
续上表
档案
资料
卷数
全宗
种类
册数
92
1077
5483
1982
8216
11926
2718
1983
95
7683
11586
1154
1984
97
6034
1985
92
1254
11648
7127
102
1505
9052
1986
22207
24099
104
1614
9616
1987
1988
106
25032
1614
10020
1664
107
25601
1989
9300
1990
25601
1664
10067
110
1959~1990年部分年份赣榆县档案馆馆藏一览表
表 52 - 2
全宗
卷数
册数
种类
5296
74
380
4183
1959 ~ 1965
6966
410
4398
1977
115
7982
428
3580
1978
1979
9325
3580
102
460
9148
496
4684
1980
102
1981
131
570
9069
137
581
14715
1982
8552
1983
140
10212
594
13814
12320
594
14484
1984
140
1985
140
12351
941
16281
1986
18988
20245
170
1135
1987
171
20928
26914
1402
5534
22256
1988
171
27548
1989
171
22531
5672
28091
1990
145
26743
5772
24335