续上表
2498
(人)
机构数(个)
床位数(张)
管理人员
工勤人员
中西医结合
高级医师
机构分类名称
其他中医
中药员
检验技师
其他技师
中药剂
检验技士
其他技士
西药剂员
西药剂1

139
140
176
27
00
21
10
21
16
1509
533
74
2451
177
58
441
286
2761
70
27
28
266
100
28
104
21
39
26
110
52
228
19
82
中心卫生院
756
662
92
13
502
52
18
10
140
9%6
25
30
18
26
19
31
75
63
23
乡卫生院
1928
420
26
1147
58
149
16
2181
46
357
69
191
80
26
6L
23
94
14
22
220
67
186
111
3.其他医院计
52
90
26
14
15
13
90
52
26
14
15
13
111
综合医院
90
26
52
15
13
二、疗养院所
614
210
59
1175
10
47
10
39
10
102
13
292
三、门诊部、所合计
1710
16S
33
17
449
119
1586
23
149
10
265
125
12
40
21
36
19
14
206
82
42
1143
1055
476
301
99
92
26
15
178
82
17
25
82
30
15
148
567
115
531
57
87
43
15
19
14
12
幼儿园、托儿所卫生所室
区、乡卫生所
39
181
158
25
20
16
14
14
436
其他
119
1523
1422
550
122
17
30
12
109
36
21
12
68
10
33
191
四、专科防治所、站
97
30
68
12
11
18
麻风病防治所、站
97
68
12
18
五、卫生防疫站
125
11
424
10E
10
40
71
18
21
48
54
县卫生防疫站
185
129
52
23
41
13
27