.2258 :
续上表
年龄结构
职称结构
性别结构
61岁
35岁
高中
36
56
46
初级
总计
专业结构
男女
55
60
45
助理级员
以上
以下
12
18
技工学校教师
1968
1079
55
1478
582
108
13
478
卫生技术人员
2078
1732
1097
3556
翻译人员
图书资料人员
16
档案人员
11
16
12
体育教练
12
13
36
15
20
11
11
10
36
船舶技术人员
政工专业人员
15
合计
1420
5248
1853
410
136
3267
2953
3163
8515
3776
3304
1990年连云港市有技术职称（职务）的科技人员情况一览表
表51- 3
单位：人
性别结构
年龄结构
职称结构
35岁
61 岁
36
46
56
初级
总计
专业结构
男|女
45
55
60
助理级员
以下
以上
工程技术人员
5247
11255
2331
6293
3694
2824
678
97
2539
737
5063
13586
农业技术人员
213
2290
238
831
657
19
107
391
926
2528
808
1104
自然科学研究人员
39
393
105
28
203
43
164
152
143
498
372
201
1626
618
575
216
614
社会科学研究人员
46
49
1127
37
1827
3526
经济专业人员
2985
1420
9171
7597
1574
110
1130
81
1701
5483
1906
会计人员
2345
4501
314
3237
3735
1300
29
1220
3202
3287
7738
统计人员
763
655
612
530
233
10
131
33
708
576
1418
工艺美术人员
102
33
67
43
19
14
72
135
48
367
93
36
53
高等学校教师
253
126
196
210
460
实验人员
27
15
25
26
11
15
26
52
500
中专校教师
310
133
59
267
180
181
46
10
290
64
680
中学教师
6599
2435
1394
105
4868
2088
579
459
2203
3923
2449
9034
小学教师
5348
5994
9213
3594
3383
1378
212
2598
6292
5666
14561