.1940.·

续上表
年份
受案
不批捕
退查
公安撤回
16
548
301
1960
190
320
1961
698
76
226
1962
62
1963
370
279
168
109
1964
135
1965
68
38
25
27
1966
155
125
23
1979
1980
269
12
290
406
22
11
1981
455
394
359
20
1982
2635
15
2695
26
1983
1605
1445
112
1984
40
801
688
63
1985
1986
544
489
33
23
1987
566
536
20
1988
931
879
40
13
1490
1419
38
1989
40
1990
1331
23
1313
二、审查起诉
1955年10月至1956年4月，审查起诉主要审查犯罪性质与认定的犯罪事实是否符
合，审查起诉意见书、送核表和供词是否一致，审查认定的犯罪事实是否完整，证据是否确
实、充分，阅卷时作好笔录。
1956~1957年，审查起诉注意犯罪事实，特别是主要犯罪事实和情节是否清楚，证据
是否充分，证据来源是否可靠，各项证据之间和被告供词之间有无矛盾，被告申诉和反证
是否经过查证核实等。全面分析案情，弄清犯罪时间、地点、动机、目的、手段等，根据政策
标准和法律规定，分析被告是否犯罪，决定起诉或不起诉。
1958年，公检法联合办案，对起诉案件由“三员”（侦查员、检察员、审判员）汇报，“三
长”（公安局长、检察长、法院院长）研究决定，党委批准。检察机关主要是全面阅卷、重点
审查，发现问题与预审人员联系，并有重点地提讯被告。对案情复杂可诉可不诉的案件，
则采取携卷下乡与群众见面的方法，防止错漏，保证案件质量。当年抽查145个案件，发
现有问题的9件，起诉准确率为94%。1959年，市检察院全年审查起诉人犯137人，法院