·1982
续上表
年份
1985
1986
1987
1988
1990
1984
1989
合计
1983
1980
1981
1982
法律顾间索赔和避免经济损失（万元）
27
163
单位(个)
71
244
254
210
64
1041
254
194
709
632
742
408
2951
办理法律事务
12.17
56.20
1928.20
1902.20
合计（万元）
969.40
2721.40
3130.39
1972.51
12692.47
民事代理
[2163.29 |1684.001712.91
8.67
55.70
236.80
483.90
946.70
7291.97
3.50
532.60|554.30|589.70|947.10|218.20|230.60
非诉讼事务
0.50
3076.50
192
200
890
20
29
1331
涉外法律事务
1185
法律顾间
1192
解答法律咨询（人次）
860
816
2049
1323
3576
2650
4365
4605
2148
4513
26905
代写法律文书（份）
252
160
655
874
699
791
108
95
459
470
4563
业务收支
收入（万元）
1.23
0.19
0.27
0.60
12.40
27.26
40.07
52.80
71.36
77.75
283.94
5.74
支出（万元）
17.12
23.69
40.36
144.65
0.02
0.06
0.04
13.71
43.91
第三节　公　证
一、组织
1951年9月3日，中华人民共和国颁布的《人民法院暂行组织条例》规定，公证工作由
县级人民法院办理。1954年，新海连市法院设公证室。1966年“文化大革命”开始，公证
组织瘫痪。1979年，连云港市中级人民法院恢复公证室，指定干部专管。1981年3月，连
云港市公证处成立。1983年，赣榆、东海、灌云三县公证处成立。1984年5月，新海、连
云、云台三区公证处成立。1986年7月，新浦、海州两区公证处成立。市县区公证处属行
政单位，受同级司法局领导。市公证处负责办理涉外公证业务，各公证处之间无隶属关
系，出具的公证书具有同等法律效力。1988年，市司法局根据司法部、省司法厅要求，对
全市司法行政系统的公证人员学历、资历、工作实绩进行职称评定，评定二级公证员1人、
三级公证员11人、四级公证员14人、公证员助理20人。1990年底，评定二级公证员1
人、三级公证员15人、四级公证员9人、公证员助理13人。
二、业　务
国内公证1953年，新海连市人民委员会要求各国营企业和公私合营企业之间的经
济合同，国营企业和农业生产合作社、手工业生产合作社之间的经济合同以及公私合同均
要办理公证证明手续。市法院确定新浦、海州、连云三区为开展公证工作重点，以新浦、海