第一章劳动力管理
·2073
续上表
人数
城镇职
年末
农村
城镇
年末城
年份
社会
个体
镇待业
全民
集体
其他
合计
人数
劳动者
劳动者
劳动者
职工
职工
职工
18.24
92.16
1979
119.01
26.83
8.59
0.02
1.12
122.18
19.03
9.26
28.29
93.80
1980
0.09
0.93
20.30
1.07
29.51
9.21
94.50
1981
0.16
124. 17
101.59
9.53
0.19
0.42
132.57
30.79
21.26
1982
0.37
9.63
0.63
21.31
1983
133.30
30.94
102.23
139.07
21.41
10.61
1984
32.02
0.42
106.63
0.68
33.52
22.44
11.04
1985
0.04
0.47
115.63
0.67
149.62
0.52
11.29
0.72
34.90
23.57
0.04
1986
116.22
151.64
36.43
25.05
11.24
0.69
0.14
0.69
121.08
1987
158.20
0.83
0.18
0.86
37.12
26.12
10.82
123.68
1988
161.63
0.35
0.95
1.97
164.79
126. 10
1989
37.74
26.35
11.04
38.57
1.00
1.90
26.77
11.42
170.70
0.38
131.13
1990
二、职工人数
1949年，全市职工人数为2.39万人，占人口总数的1.69%。国民经济恢复时期，职工
人数尚未实行计划管理。国营、公私合营、私营和个体经济都不同程度地得到了恢复和发
展。至1952年末，全市职工人数为3.45万人，其中全民职工3.17万人，集体职工0.28万
人。
第一个五年计划期间，开始实行对城镇社会劳动力分配和综合平衡的计划管理，并通
过公私合营和合作组织等形式，把私营企业和个体工商业中的部分人员转为全民或城镇
集体所有制职工。到1957年末，全市职工人数为6.26万人，其中全民职工4.9万人，集体
职工1.36万人，比1952年净增2.81万人，增长81.45%。
1958年，因“大跃进”运动影响，全市职工人数增到8.39万人，1959年又增加近万人，
超过了经济承受能力，城市居民生活资料严重匮乏，不得不大幅度精简职工。1960年9
月开始至1962年共精简职工2.87万人，职工人数减至7.59万人。
1963年以后，国家对经济进行调整，工业实行关、停、并、转，缩短基本建设战线，压缩
规模，职工队伍保持适度增长，至1965年末全市职工总数为9.78万人，比1962年增加
2.19万人，平均每年增加0.73万人。
“文化大革命”开始后，劳动计划管理略有失控。1966～1968年间职工人数平均每年
增加0.34万人。1969年、1970年，国家未安排招工计划，但一些单位仍然招收计划外工
人。1970年底，全市职工人数达13.64万人（其中全民职工11.11万人，集体职工2.53万