续上表
合计
灌云县
赣榆县
东海县
年份
粮食
油脂
粮食
粮食
油脂
油脂
粮食
粮食
油脂
油脂
54345
40900
10
875
41515
1460
165
1964
141035
2510
4275
935
44160
50715
165
148515
1410
1965
2520
6170
10
47470
8645
1375
35791
30
1975
56065
85
1966
3465
47260
147761
142450
120
60850
170
1967
5640
6470
40950
2260
34180
3090
2715
44100
3920
60225
180
1968
6830
9570
15
48896
162791
32372
1640
40000
975
54115
260
2885
7310
10
1969
133797
33650
1790
35
6485
15
32250
2090
52090
1970
124475
3930
40095
1935
20
6545
20
35720
1575
39100
1971
121460
3550
40175
12875
1972
49360
3295
10
38005
2895
140415
6205
69025
3420
3980
57990
25
7435
14075
10
59215
1973
200305
35
148355
37495
2325
49920
3225
48220
5585
12720
1974
54510
3650
10
3145
72105
59410
6845
12725
40
1975
198750
65
765
63765
1485
59010
2315
12010
46890
1976
181675
2620
125
52030
1100
77350
49155
3850
11690
1977
190225
75
4885
38780
70405
3090
100660
8050
13840
1978
223685
62235
4230
3295
145550
105
7630
21005
110540
1979
339330
6405
56795
3870
194425
245
20655
112160
1980
384035
10525
62835
207050
7085
13125
17660
10
5700
330
112675
400220
1981
350
18170
6730
243310
6965
61174
14045
129370
1982
452024
159705
84570
25695
105
5095
286455
7205
145
12550
1983
556425
415
340
4935
360625
8545
99295
152410
14235
34285 .
1984
646615
二、合同定购
1985年1月1日，中共中央、国务院决定从1985年粮食年度开始，粮食、棉花取消统
购，改为合同定购。商业部门在播种季节前与农民协商，签订定购合同。定购的粮食，国
家确定按“倒三七”比例计价（即三成按原统购价，七成按原超购价）。定购以外的粮食可
以自由上市，如果市场粮价低于原统购价，国家仍按统购价开收购，保护农民的利益。
粮食定购数量按江苏省下达的计划执行，定购品种为小麦、稻谷、玉米、大豆（省定品种），
其它品种退出定购。4月，各粮管所代表政府与全市533417户农民签订了粮食定购合同，
占全市农民总数的96%，共落实定购粮食计划491775吨、花生果43665吨。
1985年底，国务院要求安排部分化肥与合同定购粮食挂钩，以鼓励农民完成交售定
购粮。1986年2月21日，江苏省政府决定实行奖售优质化肥政策，由于奖售化肥无来源
和无明确的政策标准，当年没有兑现。1986年，全市粮食收购任务45万吨，其中合同定购
34万吨（小麦16万吨、稻谷17万吨、玉米1万吨），议购11万吨；合同定购花生果4.22万