·1286·i
1974~1990年中国人民保险公司连云港分公司涉外保险自营收入理赔统计表
单位：元
表29-23
赔偿金额
保费收入
承保
赔案
年份
件数
笔数
港币
美元
美元
港币
人民币
人民币
31358.31
1974
890.35
1975
1976
2126.81
28197.43
1977
11
5933.77
1978
14
5789.77
9313.62
6425 .53
16797 .84
1979
1980
55
203623.49
25945.05
68543.46
302574.84
117529.00
84
171578.00
36639.00
1981
96782.00
13
10710.00
7022.00
1982
71
121033.00
90044 .00
65333.00
1983
75
16
52331.00
8453104.00
23539.00
1984
75
68536.00
14
55662612.00
548.00
108563.00
27
1985
89
78975 .00
129721.00
27446.00
109768.00
31
151
163237.00
39420.00
147523.00
1986
433141.00
2529.00
151
337058.00
1987
204881.00
162883. 00
14
68609.00
249767.00
216991.00
1988
120
37
897270.00
97899.00
9713.00
694655.00
37
102
67221.00
1989
210170.00
79581.00
399245.00
103734. 00
66
349039. 00
3884. 00
14
1990
300217.00
71815.00
第六节
对外物品供应
一、供应范围
连云港对外供应机构成立于1963年3月·4日，时称连云港外轮供应公司，1984年更
名为连云港对外供应公司。根据国家外贸部1963年有关文件规定，对外供应业务范围包
括各项商品供应、劳动服务。各项商品供应为燃油、淡水、垫舱物料、船用物料、伙食、船员
购买物品；各项劳务为航次修理、搭拆防动板、拷铲油漆及其他；各项服务为餐厅、旅馆、船
员医疗、游览、旅行、其它服务（车辆出租、洗卧具等）。
1972年，根据国家计委通知，公司开始对远洋中国轮船按照给予外国轮船的同样待
遇进行供应和服务。1973年接国家商业部通知，供应燃油、淡水业务移交给新成立的连
云港外轮燃料供应公司。1975年根据国家计委有关文件规定，增加船舶物料回收加工业
务，并成立连云港外轮供应公司回收加工厂负责该项业务。1976年，在外供翻译人员不