第二章港口运输
:1257
续上表
货类
装(卸货港
装(卸)货港
数量
亚洲
本国
31.81
51.96
欧洲
亚洲
8.90
4.22
盐类
钢铁
美洲
4.61
未列国名
55.97
合计
未列国名
2.60
112. 15
合计
本国
48.43
2.05
19.14
14.93
欧洲
水泥
未列国名
0.50
4.04
美洲
粮食
19.64
95.38
0.84
大洋洲
3.25
未列国名
9.87
12.77
木材
合计
7.05
132.42
17.76
0.66
12.66
45.05
19.19
25.02
其它
0.31
1.38
非金属矿石
美洲
美洲
13.47
3.27
未列国名
未列国名
2.49
26.86
37.92
112.45
1949~1990年连云港港货物吞吐量统计表
表29-8
单位：万吨
年份
年份
年份
吞吐量
其中外贸
吞吐量
其中外贸
吞吐量
其中外贸
1977
225.60
1949
5.60
1963
10
152
431.80
226.30
11. 10
199
1950
1964
10
1978
593.60
14.20
1951
1965
28
1979
265.30
681.40
283
46.30
1952
1966
50
1980
739.00
293
295.40
1953
35.12
332
1967
1981
756.40
237.80
83
1954
1.00
1968
66.00
87.30
13
1982
805.90
345
54.30
1955
0.30
1969
25
1983
408
116.80
857.80
1956
449
89.90
0.60
1970
63
1984
900. 10
256.46
1985
1957
105. 40
6.00
590
1971
335.40
929.00
523
10.00
1958
166. 80
1972
1986
536
274.50
68
948.50
2.00
237.60
541
1959
1973
81
1987
244.00
894. 10
1960
1.00
1974
1988
237.20
241.60
65
1114.00
690
1961
642
200.00
1.60
1975
68
1989
1125.00
322.00
1962
209.50
t9
623
3.20
1976
1990
303.50
1137.00