.1210 ·
续上表
单位
单位
产品名称
产品名称
合计
合计
乡办
村办
乡办
村办
万件
板栗
877
227
650
抽纱绣品
英尺
20000
万只
地毯
27350
223
乳胶手套
223
7350
水貂皮
214
214
4756
3064
石墨
1692
蒜片
公斤
170
170
35
人造水晶
35
70
立方米
姜片
桐木板
875
875
70
猪鬃
20.237
20.237
豆饼
5009
5009
羽绒
公斤
30
棉仁饼
30
6005
6005
乳胶
48
48
13
13
毛绿豆
卫生纸
315
315
1851
468
金刚砂
300
2319
铸铁件
300
70
45
45
70
脱脂纱布
1500
脱水蔬菜
1500
炊事多用机
41
41
150
冻兔肉
150
1988年、1990年连云港市乡镇企业及出口产品情况表
表27-10
工艺美术品
轻工业
年「合
土畜纺
1988
25
106
18
18
24
企业单位数
(个)
1990
104
20
20
1988
187
198
37
9079
20
2247
1040
85
614
303
352
企业人数
2268
1728
(人)
1990
167
597
8927
242
1932
78
995
1059
238
12
1437
1110
1060
出口产品生产总值
1988
9334
176
t6
65
682
4509
491
128
155
12
153
2449
420
（按当年价计算）
1990
550
891
13015
92
2685
4024
382
101
313
（万元）
12
1995
611
1359
出口产品金额
94
1988
7966
174
347
45
491
146
4459
94
93
456
1567
（万元）
1990
11135
92
553
891
1570
297
101
265
3575
1989
587
1215
1988
5014
150
t9
45
235
2602
358
32
146
41
339
1002
直接出口
1990
9873
92
414
891
1466
2747
297
226
76
1949
1207
508
1988
2952
24
30
112
1857
52
133
62
565
117
间接出口
1262
139
104
25
1990
39
828
40
79