续上表
产量
产值
销售
利润
利税总额
年份
(万幅）
（万元）
（万元）
（万元）
（万元）
1969
0.44
8.81
0.88
0.55
 0.43
1970
0.21
0.51
4.17
2.99
0.26
1971
0.24
5.46
5.06
1.22
0.90
8.43
1972
0.35
1.48
0.93
6.80
1973
16.76
11.00
1.97
0.65
1.42
17.63
1974
0.62
13.01
3.35
2.43
1975
0.66
16.20
16.00
:2.30
1.72
14.74
1976
0.87
13. 80
0.88
1.85
1977
0.86
18.50
2.38
19.91
1.42
1978
1.00
19.83
21.46
3.48
2.50
1979
0.87
23.75
23.24
2.32
1.11
1.88
1980
41.12
35.11
4.52
2.71
1981
2.35
49.38
39.26
5.39
3.09
1982
68.74
2.41
63.50
5.40
8.82
1983
3.83
170.30
86.90
13.52
9.15
5.30
1984
149.58
107. 05
20.25
14.90
1985
190.42
7.35
220.84
47.85
37.60
290.22
1986
9.17
44.05
249.32
52.17
1987
8.66
330.77
52.51
279.41
40.85
1988
8.01
265.03
46.18
295.69
25.91
5.09
1989
228.60
10.62
167.90
- 1.53
1990
5.02
338.20
2.01
251.45
- 12.36
二、羽毛画
1964年10月，市手工业管理局在新浦文化用品厂成立工艺美术研究组。翌年5月，
该组派员去青岛贝雕厂学习后进行小批量花鸟羽毛画生产，由连云港海员俱乐部代销。
“文化大革命”开始后，羽毛画被斥为“封、资、修”黑货停止生产。
1972年，羽毛画恢复生产。6月，工艺美术研究组改为文化用品厂羽毛画车间。7月，
殷正洪设计的仿古四幅条屏“松鹤延年”等5幅作品，送南京参加省工艺美术品展览。
1973年5～7月，有20多人分两批去沈阳羽毛工艺厂学习。9月，殷正洪设计的
“鹿”、“鹦鹉紫藤”两幅作品，参加江苏省赴加拿大举办的中国工艺美术展览会。1978年8