道，成为全国社队储粮的一面红旗。
1978年，全市集体储备粮5.33万吨。市区500个生产队有储备粮的408个，锦屏公
社人均储粮100公斤以上的生产队48个，其中李圩大队彭庄队人均储粮493公斤，居市
区之首。1981年，东海县国家粮食库存出现赤字1.41万吨，动用集体储备弥补。
1984年7月19日，国务院规定，“完成国家下达的购销计划交售任务和履行合同后的
产品，生产单位和农民可以自行处理、自由购销”。当年全市粮食部门代生产队储备的粮
食达7.31万吨，其中市区4310吨，均以超购价卖给了国家。
1966~1983年连云港市农村集体储备粮统计表
单位：吨
表36 -13
合计
年份
市区
赣榆县
灌云县
东海县
1966
9040
1150
1075
135
6680
1967
7155
875
950
105 
5225
1968
915
10815
855
175
8870
1969
8520
825
790
6905
1970
2780
725
695
1360
1971
5550
525
575
655
3795
1972
9320
725
1540
1015
6040
1973
31305
1130
10330
15630
4215
1974
27740
1325
6995
18725
695
1975
50120
1480
18920
28645
1075
1976
48100
2235
11135
33020
1710
1977
49570
2450
35400
11055
665
1978
53330
3260
12025
37240
805
1979
57535
3395
11330
37100
5710
1980
57645
3575
10595
37620
5855
1981
3470
55800
9985
36920
5425
1982
56080
4080
10595
4520
36885
1983
61140
4290
9720
36820
10310
1953~1990年连云港市粮食（原粮）库存统计表
表36-14
单位：吨
年份
合计
东海县
赣榆县
1953
42675
16290
10505
7360
8520
1954
58805
17270
14595
16345
10595
1955
77460
25785
14470
13735
23470
1956
76245
26300
16680
17735
15530