1970~1990年连云港市烧碱、纯碱、氢氧化钾产量统计表
单位：吨
表20-2
纯 
年份
烧碱（液体100%）
氢氧化钾
产量
其中：重质纯碱
1405
1970
232
253
2810
1971
332
1972
3270
48
1973
719
3270
145
225
151
1974
1186
1820
1975
279
215
2333
1976
731
139
203
1977
1581
3682
1978
2175
4804
182
1979
2225
106
11745
15659
197
1980
5772
5763
1981
276
15246
1982
6883
15281
326
550
1983
8319
16263
9188
1984
23751
559
5467
1985
11792
26204
853
11179
12734
26692
784
1986
27274
12237
1129
1987
14911
1000
1988
16279
20263
10308
6466
15970
28284
988
1989
15189
1369
1990
121503
955
三、无机盐
该类产品是在利用地方资源为各行业服务中发展起来的，为市化工行业的重点产品。
1990年，全市有无机盐类重点产品32个，其中部优质产品1个，省优质产品8个。无机盐
产品在市化工行业中生产厂家最多、产品品种最多，在化工行业出口产品中占较大比重。
磷酸盐【磷酸氢钙】1964年，市红旗化工厂开始筹建磷酸氢钙生产装置，1965年
生产牙膏级磷酸氢钙221吨，药用级磷酸氢钙84吨，饲料级磷酸氢钙116吨。1966年，该
厂投资30万元，新建一套年生产能力为1000吨的牙膏级磷酸氢钙生产装置。1977年实
产牙膏级磷酸氢钙1067吨，药用级磷酸氢钙341吨。1980年，磷酸氢钙年生产能力达到
3500吨。1983年，该厂又建成一套年产能力为1000吨的药用级磷酸氢钙生产装置。1984
年9月，该厂试验成功PA-849工艺，1989年增加效益247万元。1989年2月，又研制成功
PA-901工艺，1990年1月正式用于生产。