·1530
续上表
合计
市区
年份
灌云县
赣榆县
东海县
887
100
133
159
495
1970
60
140
270
599
1971
129
96
121
135
1972
464
112
116
1973
71
82
434
165
652
88
155
123
286
1974
527
102
154
135
1975
136
322
105
126
56
1976
35
95
87
10
26
218
1977
93
86
10
1978
215
26
95
1979
12
18
209
79
1980
403
222
87
15
94
1981
587
208
252
33
134
21
1982
307
122
30
137
1983
316
117
33
29
116
145
1984
313
25
27
1985
108
89
17
24
238
1986
153
100
41
11
1987
169
79
12
78
1988
78
127
12
35
1989
72
129
11
46
1990
110
73
10
26
二、奖售粮
1961年，中共中央决定收购重要经济作物实行粮食奖励。同时江苏省规定麻类、甜
菜等34种也实行奖售粮食。1973年7月9日规定收购51种农副产品奖励标准。1974年
3月19日决定从1974年粮食年度起，将生猪奖售列入粮食购销计划，全省统筹解决。
1974年7月18日，省革命委员会规定，收购生猪每元钱奖售0.25公斤粮食，每一头生猪
超过50元的部分，每元钱再增加奖售原粮0.5公斤。1977年，市区代外贸支付奖售粮
1236吨，其中用于肉鸡奖1122吨，用于对虾42.5吨。1978年收购中药材奖粮3吨、茶叶
奖粮2吨、葩麻籽1.5吨、鲜蛋20.5吨。省政府规定，1983年3月1日起，淮北地区收购生
猪每头超过50公斤的部分不再奖粮食。1980~1984年，连云港市销售奖售粮比农村缺粮
统销还多85.9%，主要奖励品种是生猪、花生、棉花。1986年，实行生猪换粮政策，连云港
市每调出一头生猪，给饲料粮35公斤，地购地销的每头奖售15公斤。生猪换购粮1988
年4月1日取消。
1961~1985年，全市收购农副产品共支付奖售粮441774吨，最低是1968年55吨，最
高是1981年55895吨。
三、民工补助粮
建国后到1960年，省属大型水利工程每工日补助粮食0.45公斤、地方工程每工日补
助0.35公斤。1965年12月14日，江苏省粮食厅、水利厅规定，基本建设、电灌配变以上