第二章角

45岁的214人，占30.1%；46~50岁的176人，占24.8%；51~54岁的74人，占10.4%；55岁
以上的48人，占6.8%。提拔于部中大中专以上文化程度的547人，占77%。1990年与1982
年相比，全市县处级干部增加56.9%（429人增加到673人），平均年龄下降0.8岁（由51.6岁
下降到50.8岁）。大中专以上文化程度的由68人增加到402人，增加5.9倍；中专（高中)文
化程度的由90人增加到161人，增加78.9%；初中以下文化程度的由271人降到110人，下
降63.1%。至1990年底，全市干部中有专业技术职务的达42655人（不含集体所有制企业专
业人员）。已评聘的32101名专业干部中，高级职称867人，占2.3%；中级职称3574人，占
23.1%；初级职称27660人，占74.6%；未评聘的10554人，占专业干部总数的24.7%。
1977~1990年连云港市干部统计表
表41-13
单位：人
1982
1977
1978
1979
1980
1981
1983
合计
27206
28472
29061
30280
32482
35417
40680
干部总数
6162
8835
妇女
7894
6337
6673
7193
8591
少数
98
99
117
123
83
89
90
民族
1685
1593
3277
25 岁以下
1982
1957
4383
5966
6473
6437
10479
6547
8489
6858
8573
26~35岁
12254
36 ~ 45 岁
10626
11147
11531
11635
10713
11782
10145
46 ~ 55 岁
6442
7121
7609
8139
8417
8878
1258
1442
1323
1242
1212
1376
1411
56 ~ 60 岁
424
486
t09
458
374
425
425
61岁以上
高等院校
毕业者
5494
4289
4810
5347
6198
7116
8935
相当者
366
1497
2527
189
毕业者
8750
10065
10726
12620
341
1109
260
1758
相当者
10845
3030
3430
3344
3310
9092
9809
13853
初中以下
13825
12869
12557
12082
11625
11530
文盲
13785
14232
共产党员
11491
15317
18504
12885
13085
2332
2406
共青团员
2473
3641
4728
5887
2381
30
民主党派
13641
14604
15365
16259
无党派
13334
13181
14017