.1380·
续上表
1987
范围
项目
1985
1986
1988
1989
1990
1983
1984
全市
15.91
15.56
15.77
16.00
16.04
16.04
13.87
12.80
8:34
8.35
6.43
市区
6.86
6.25
6.30
7.01
7.64
5.35
3.88
4.79
4.43
3.66
3.29
赣榆
3.92
4.63
2.34
东海
2.61
2.65
2.57
2.47
2.36
2.10
2.05
1.56
1.46
1.25
1.65
1.69
1.48
1.41
1.21
29.69
26.66
全市
22.00
25.21
30.96
31.71
33.10
28.35
汇兑出
市区
12.82
14.99
17.84
19.08
18.77
16.23
15.55
18.99
3.55
4.36
赣榆
2.61
2.88
3.43
3.92
3.59
3.23
东海
4.55
4.41
4.34
4.89
2.97
3.72
4.27
3.78
4.01
3.62
3.60
3.99
4.25
5.08
4.26
4.10
全市
3665. 13
4492.40
6757.35
7703.82
3406.66
6393.90
4804. 04
3494.00
订销报纸
市区
1566.62
1996.68
3027.05
3646.90
4271.47
2234.61
1598.81
1575.94
赣榆
789.62
906.93
1118.32
1287.72
1178.53
809.97
642.86
671.82
东海
1015.13
706.16
819.11
1128.66
1144. 27
895.30
663. 70
706.08
1109.55
602.73
769.68
950.47
977.00
864. 16
501.29
540.16
全市
294.73
386.53
472.67
574.43
459.53
527.03
294. 73
287.75
订销杂志
市区
239.23
163.67
196.09
301.86
252.24
300.27
163.67
155.38
(万份)
赣榆
66.72
74.86
37.68
37.68
56.98
65.67
70.98
34.71
102. 80
东海
71.65
86.18
70.25
71.75
50.15
50.15
51.19
61.81
灌云
98.79
43.23
81.59
70.32
80.15
43.23
46.47
第二章电　信
清光绪二十年（1894年），海州、青口通达的电报线路为官、商使用。到1990年，电报
从莫尔斯人工发报发展到电传打字、图文传真。电话亦由磁石、共电式发展到自动式，市
区已实现市话交换程控化、传输数字化，新浦至墟沟已用先进的140Mb/S光纤传输系统，
赣榆、东海、灌云三县也使用了电子程控交换机。
1990年，全市电信计费业务总量1756.20万元，其中市区1293.40万元，赣榆县154.26
万元，东海县166.16万元，灌云县142.38万元。全市电信业务收入1580.68万元，其中市
区1240.98万元，赣榆县118.84万元，东海县122.40万元，灌云县98.46万元。