.954
“金牛”奖。
1988年，该厂又开发生产药用轻质氧化镁，年生产能力26吨，当年实产5吨。1990年
该厂氧化镁年生产能力达到300吨，实产轻质氧化镁223吨、高纯电熔氧化镁8.01吨、氢
氧化镁16吨。
其它无机盐类1985年，黄海化工厂生产溴化钠、溴化钾、溴化铵，产品符合《中国药
典》（1985年版）标准。1988年，徐圩化工厂与新疆有色金属公司合资生产溴化锂，产品用
于空调制冷剂。
1969～1973年，海州海光化工厂生产硝酸钾679吨，用做炸药。海州前进化工厂、赣
榆县城南炸药厂分别于1973年、1976年相继生产硝酸铵，做烟花爆竹。1986年，赣榆县化
肥总厂和赣马乡联合投资140万元生产硝酸钠和亚硝酸钠，年生产能力2000吨。由于设
计和市场原因，未批量生产，1988年停产。1990年，海州明胶化工厂建成硝酸钾生产装
置，设计年生产能力为1000吨。
1973~1990年连云港市硫酸钠、硅酸钠、氧化镁主要产品产量统计表
单位：吨
表20-5
焦亚硫酸钠
无水
有水
轻质
硅酸钠
年份
氢氧化镁
电熔镁
氧化镁
亚硫酸钠
硫酸钠
产量其中出口
162
2282
30
1973
2695
1974
1975
1976
4234
628
1977
1234
4100
69
4151
1846
1978
1641
130
1979
4187
2.14
111
1980
375
2413
2949
1981
1611
112
3517
83
31
785
168
1982
2515
97
46
1.52
615
148
1983
4119
74
4.75
1984
3684
213
60
3.84
2793
1985
40
173
6.59
1986
3667
235
1000
220
5.72
1722
1987
423
163
60
2000
237
1988
515
795
680
215
3000
12
5.48
1989
393
767
4354
342
3200
117
0.64
1990
3944
943
461
407
3500
223
16
8.01