续上表
其中
其中
社会
社会
年份
商品
年份
商品
农业生
农业生
居民
居民
社会集团
社会集团
零售额
零售额
产资料
产资料
14425
11511
41206
4094
8701
1965
1053
1861
1978
28411
49273
11738
11805
4174
1149
1928
1979
33361
1966
14882
38737
12103
1806
1980
4845
1120
57352
13770
1967
15029
12524
63500
15538
1149
1865
1981
42491
4640
16369
1968
2193
1982
47439
5502
12545
1181
71179
18238
1969
15919
82860
5555
57577
19728
19236
14991
2387
1983
1970
1858
1984
21487
5470
67146
14362
1908
95510
6877
1971
21740
23809
16895
21939
2178
4736
1985
112275
80337
9999
1972
18794
28274
2272
7208
1986
131826
95908
11166
24752
1973
29304
29450
2592
6340
1987
1974
20518
157861
112387
16170
18169
37709
3187
6410
1988
206338
150460 
22554
1975
32151
25338
216622
18617
45284
36172
3875
6959
1989
152721
1976
222831
7778
1990
25470
158434
20134
44263
36646
3398
1977
第三章
商品购销
第一节百　货
一、行业状况
百货业过去通称布、杂（货）、广（货）业、京广杂货业，或五洋百货业，其中大部分在建
国后划为百货业。
鸦片战争后，海州城镇布、杂、广业发展较快。清末，赣榆县青口镇有经营洋货的恒吉
大、严顺泰、德聚乾等商号53户，有成批购货、成件销货的件子货店61户。海州城有布、
杂、广商店30多户。在其它集镇，布、杂、广业也为数不少。20世纪30年代，新浦有布庄、
布店50多户，日用品商店10多户。日本侵略军占领时期有日棉、东棉洋行。1952年，市
区有百货业71户（新浦56户，海州城13户，连云镇2户），文具店20户，绸布呢绒店46
户，棉花纱线店4户。1956年，社会主义改造高潮时，分别成立公私合营和合作商店。
“文化大革命”中合并到国营商业和大集体商业中。国营百货业从新浦贸易分公司到市百
货公司，皆以批发为主，只有一个较大的百货商店从事零售。1956年，建立新浦、二店，
海州、猴嘴、连云、墟沟、荷花街等7个百货店，近30个网点。1978年，中共十一届三中全