续上表
出口函件
出口包件
出口汇票
订销报纸
订销杂志
年份
（万件）
（万件）
（万份）
（万份）
（万张）
1959
34.59
121.46
1.84
5.76
317.24
2.31
7.21
1960
31.13
139.68
325.89
12.30
1961
1.68
6.60
129.17
222.58
1962
2.92
6.10
116.86
216.51
8.49
100.53
1963
2.56
6.85
269.28
11.90
346.05
1964
96.13
2.24
8.70
18.66
1965
2.20
419.61
26.04
102.06
2.14
554.46
19.44
9.45
1966
104.80
92.31
2.36
14.17
1967
8.21
631.15
2.10
36.02
7.75
31.10
1968
0.52
1969
42:11
0.67
3.10
40.70
9.25
8.35
1970
90.90
2.47
642.25
3.18
7.59
654.81
15.09
1971
174.84
4.94
18.08
7.78
604.55
1972
171. 64
4.86
8.08
9.46
220. 22
408.81
1973
25.85
7.79
1974
4.01
687.01
191.68
4.82
7.51
726.48
30.52
1975
227.06
8.05
860.29
36.96
1976
5.08
198.38
5.60
7.23
827.86
37.37
1977
218.01
47.14
8.25
919.79
5.47
1978
258.02
265.17
5.26
1105.90
71.11
8.90
1979
1980
5.93
11.22
101.20
294.87
1262.49
340.80
11.35
165.22
5.82
1357.46
1981
1442.52
175.84
1982
5.75
11.38
368.07
1983~1990年连云港市邮政业务量（计费）统计表
表 31 - 2
1987
1988
范围
1985
1989
1990
项目
1984
1986
1983
751.37
985.95
全市
712.82
893.55
687.04
699. 73
887.83
701.03
556.73
函件出口
548.19
615.12
市区
413.81
440.69
388.54
439.86
420.79
109.66
112.64
92.35
赣榆
92.83
78.81
84.46
100.05
102.25
106.56
89.31
东海
123.12
95.04
110.18
117.47
85.72
104.42
112.51
135.07
137.91
灌云
92.37
94.54
98.25
130.38
89.69