验，即起、退租量油水及状况检验、损坏检验、机海损检验等。
1974~1989年中国旗船舶检验统计表
表29-28
年份
年份
检验艘次
检验艘次
99
1974
1982
96
1983
1975
1976
127
1984
121
1977
16
1985
116
22
1986
1978
146
32
1987
1979
64
1988
158
1980
60
1989
165
1981
1974~1989年外国旗船舶检验统计表
表29-29
年份
年份
检验艘次
检验艘次
1982
1974
1983
47
1975
1984
1976
19
1977
1985
20
62
1978
49
1986
38
56
1979
1987
48
1980
42
1988
67
1981
69
1989
69
三、修造检验
按照国家颁布的《钢质海船人级与建造规范》、《海上营运船舶检验规程》和《海船建造
检验规程》及有关技术法规和规定，连云港船检部门对该地区及邻近地区建造、修理的船
舶实施技术监督检验，从而使船舶具备安全航行和安全作业的技术条件，保障水上人命和
财产的安全。
为了保证修、造船舶焊接质量，焊工必须持有船检部门颁发的焊工合格证书，方能从
事与其合格类别相应的焊接工作。为了解决连云港地区船舶焊工持证问题，1986年3月
20日，由连云港船检处牵头成立了连云港船舶焊工考试委员会，至1990年共举办5期焊
工培训班，已使100人次取得不同类别的焊工证书，基本解决了连云港地区船舶无照焊接
的问题。