续上表
磷酸（85%）
盐酸(100%）
年份
硫酸(100%)
产量
其中出口
1972
2778
1456
382
1973
1567
7539
1462
1974
10S9
529
987
1975
1281
7862
458
1997
5794
1976
1525
76
7958
2093
99
1977
2422
1978
2929
127
9542
3710
19748
3206
2548
476
1979
29034
4263
420
1980
3571
27017
3563
4913 
130
1981
27017
6119
300
1982
4265
855
25761
1983
8114
5306
28363
578
1984
7160
8641
1985
25110
10797
10950
218
1986
10950
25100
10797
218
12607
39258
11639
930
1987
42432
12406
546
1988
13920
36106
13839
999
1989
11940
1990
34835
14129
3229
14105
二、碱
主要利用海盐资源进行生产。主要产品有烧碱、纯碱、氢氧化钾。主要生产厂家有市
化肥厂、市化工厂、市电化厂、五七造纸厂、赣榆县盐化厂、市海滨化工厂、连云港碱厂等。
烧碱1959年上半年，新浦曙光化工厂土法试产液体烧碱，当年产量84吨。1960年
上半年，该厂改造生产装置，使年生产能力达1000吨，当年实产275吨，1961年上半年关
停。1959年4月，市电解食盐厂投产，用席棚作厂房，日产烧碱50公斤。1960年6月，市
实验化工厂与市电解食盐厂合并，成立市新光化工厂，烧碱年生产能力达到1100吨。
1962年5月关停。
1965年、1967年，新浦农药厂、五七造纸厂的氯碱生产线先后恢复生产。不久因“文
化大革命”的影响又均停产。1970年，新浦农药厂恢复生产，当年实产232吨。1972年9
月，该厂将“爱伦堡”式电解槽改为虎克4型电解槽，数量也由原来的30个增加到48个，
使烧碱年生产能力达到3000吨。同时，结合“三废”（废水、废气、废渣）治理，先后开发出
漂白粉、漂液、盐酸和液氯等产品。1977年，该厂又进行第三次改造扩建，将电解槽改为
虎克12型，使年生产能力达到6000吨。同时，赣榆县盐化厂氯碱车间投产，年生产能力