第四章
医药购销，941·
续上表
药品
医疗器械
年份
库存总值
化学试剂
中药材
玻璃仪器
中成药
269
156
1973
36
27
17
33
50
317
184
27
1974
27
33
481
292
78
1975
18
53
40
565
359
1976
t6
17
51
44
359
637
1977
129
17
61
71
774
459
113
21
95
1978
87
1979
611
350
87
29
82
63
283
1980
530
82
19
10
83
53
1981
671
371
75
28
12
88
97
407
1982
742
71
26
10
94
134
105
1983
1073
630
38
13
95
192
581
27
165
166
1984
1028
76
13
14 
905
448
35
174
160
1985
74
974
482
19
168
175
1986
83
47
1304
837
167
153
1987
94
38
15
14
314
147
1988
1829
1199
112
43
253
177
1844
1242
95
99
11
1989
1504
1794
106
316
1990
1203
69
13
1990年连云港市医药系统工业企业基本情况表
表19- 8
企业
利税
职工
建厂
年产值
固定资产原值
主要产品
生产能力
单位名称
性质
时间
(人)
（万元）
（万元）
（万元）
各种型号救
连云港医疗
医疗用车、系列金属器
1966.2
305
集体
330
301.00
16.50
护车1000台
器械广
械橱、各种医疗用床
多酶片、胰酶片、ATP
片剂1.5亿
片、速效伤风胶囊、
连云港生化
19.60
125
1970.5
全民
片、胶囊0.5
261.20
138.30
复方新诺明混悬剂、
制药厂
亿粒
小儿感冒冲剂、胰
酶、牛黄等
年生产炼漂
连云港市朝
19.50
加工脱脂纱
集体
阳卫生材料
1980
1520.00
药用脱脂纱布
420
(利润)
布能力2500
万米
连云港医疗
灭菌设备等医疗设
消毒灭菌器
集体
520.00
62.00
300
1981
270.00
400 台
设备厂
注：简介企业不列入此表。