:1516:
续上表
常年
实征
正附税
每亩平
减免
地方附加
依率计征
纳税
税额
合计
总产量
均负担
税额
税率
年度
税额
面积
税额
税率
(吨)
(吨)
（公斤）
(吨)
(吨)
(%)
(万亩)
(吨)
(吨)
(%)
6.01
1010.24
13
1110.24
100
1960
18.47
11405
9.91
1130.24
120
1135.43
6.41
13
85
1050.43
14560
7.97
1160.43
110
17.72
1961
1065.70
1962
295
13
95
6.36
8.69
970.70
16.76
14565
1265.70
8.64
1104.48
13
110
1214.48
7.12
1963
17.05
1194.48
90
13825
7.30
1109.57
13
150
14025
1214.57
105
1259.57
1964
8.66
17.26
1965
1114.20
13
140
1254.20
7.18
14120
8.67
1224.20
110
17.46
1102. 79
1237.79
6.62
13
135
1966
14145
8.68
1227.79
125
18.69
55
1220.20
1260.20
95
13
6.39
14485
8.70
1165.20
1967
19.10
1200.20
1340.20
60
13
7.02
14485
8.70
1260.20
140
1968
19. 10
1257.15
1162.15
1297.15
95
13
6.79
14450
8.70
135
1970
19.10
6.81
1971
14435
8.70
1255.85
95
1160. 85
13
135
1295.85
19.02
1398.72
95
1263. 72
13
135
7.52
1972
18.60
15440
8.80
1358.72
1358.72
95
13
1398.72
7.52
15440
1263. 72
135
1973
18.59
8.80
1361.36
100
1261.36
13
7.58
1974
150
1411.36
18.61
15470
8.80
1361.36
13
7.53
95
1266.36
135
1401.36
1975
18.61
15470
8.80
140
18.35
85
1239.40
13
1379.40
7.52
1976
15050
8.80
1324.40
135
85
13
7.47
14965
8.80
1316.92
1231.92
1366.92
1977
18.30
18.08
1275.60
275
13
1105.60
6.12
14595
8.74
1000.60
105
1978
275
13
6.10
17.99
14470
8.73
1263. 23
988.23
110
1098.23
1979
1241.93
125
8.70
95
13
1980
17.85
14275
1146.93
1271.93
7.13
95
17.72
1219.54
1124.54
13
130
1254.54
7.08
1981
14050
8.68
95
1119,61
125
1982
17.66
13945
8.71
1214.61
13
1244.61
7.05
26787.27
2925
1983
433.35
336430
8.90
29942.27
6080
23862.27
13
6.18
29874.85
23569.85
13
26529.85
1984
432.82
336050
8.89
6305
2960
6.13
注：1.1969年因“文化大革命”中，城乡两派群众武斗严重而未征。
2.1983年、1984年含赣榆、东海、灌云三县。
第二节收购
一、计划收购
1953年10月16日，中共中央作出《关于实行粮食的计划收购与计划供应的决议》，11
月15日又下达《关于全国实行计划收购油料的决定》。中共新海连市委，赣榆、东海、灌云
县委从11月10日至25日分别召开区乡干部大会，学习贯彻粮油统购统销政策，先干部、
党员、团员，后到村民群众，层层宣传贯彻。12月，新海连市粮食公司抽调52人，组成大
村、新县、海州、墟沟4个统购统销工作组，将统购任务落实到户。