续上表
年份
1985
1987
1988
1989
1990
1981
1982
1983
1984
1986
255
267
289
319
314
网点
135
204
230
234
323
市区
2071
2224
2320
2237
2381
人员
1344
2194
2329
2633
1079
网点
135
117
127
80
88
95
132
143
53
赣榆
813
927
1003
892
1087
人员
346
827
567
568
106
网点
122
89
88
83
78
109
107
82
东海
702
901
701
572
594
658
998
人员
1001
805
106
109
112
103
网点
108
129
124
130
109
497
532
851
973
473
人员
536
465
497
732
313
331
306
326
299
286
255
219
252
273
网点
市区
2237
人员
2427
2430
2340
1234
1628
1763
1992
2566
141
126
127
149
179
180
143
网点
79
91
赣榆
250
597
647
668
534
557
人员
576
381
191
341
72
125
149
104
网点
236
99
212
141
东海
267
518
616
715
413 
409
人员
1020
1092
1198
142
网点
106
122
131
140
133
138
127
103
人员
543
415
404
479
531
483
338
378
427
第三节
国营及公私合营商业
一、国营商业
民国37年（1948年）11月，解放后鲁中南贸易公司设立公营新浦分公司，主要经营市
场紧缺的粮油、纱、布、火柴等几大类商品。当时，物资匮乏，少数投机商人囤积居奇，哄抬
物价，20多家大小粮行控制军需民食，花生油在35天内每百斤由47万元涨到62万元（北
海币）。两家私营批发商控制新浦200多架织布机的纱源。部分投机商人走私黄金，引起
粮食、纱布价格上涨三四倍，市场动荡。新浦贸易分公司以平价向市场供应粮食60万公
斤，花生油65万公斤，细布3880米，棉布1591捆，火柴90箱，平抑物价，安定人民生活。
还向新解放的大城市上海输送生油60万公斤，向青岛输送小麦200万公斤，调来一批工
业品供应市场。
1950年后，国营商业经营范围不断扩大，逐步对关系国计民生的重要工农业产品实
行统购包销，掌握货源分配。1950年境内春荒，购买力下降，私营商业经营困难，新浦百
货业48户中歇业25户，布店歇业4/5。为扶持私营商业，银行对其增加贷款，国营百货公
司花纱布办事处还缩小零售，扩大批零差价，准予其代销布类。私营商业有464户重新开
业，比调整前还增加168户，增加资金54650元。
1952年“三反”（反贪污、反浪费、反官僚主义）、“五反”（反行贿、反偷税漏税、反盗窃