·1142 ·
续上表
用煤量
发电厂用
设备利用
发电量
总产值
设备容量
供电标准煤耗
发电标准煤耗
年份
(吨)
(小时)
（万元）
电率(%）
(克/千瓦时）
（万千瓦时）
（克/千瓦时）
(万千瓦）
1.36
9.27
551
4006
261.00
607
2946
30236
1959
5009
56796
629
7.10
584
7062
471.30
1960
1.36
329.50
562
2551
614
40841
5000
8.47
1961
1.96
621
566
2273
98.20
35765
1962
1.96
4455
8.86
34693
1.96
4457
306.70
624
577
2274
7.50
1963
5309
367.50
589
551
6.49
2709
36607
1.96
1964
588.00
4615
63015
1.96
547
518
1965
9046
5.34
5.04
12555
861.10
549
521
6373
87077
1966
2.56
5.78
590
556
4212
78221
1967
10782
700. 10
2.56
614
5783
7.87
673
2259
46688
1968
2.56
375.90
679
624
58444
7127
8.08
2784
1969
2.56
463. 20
2:56
5554
1970
6.68
583
544
14218
924.20
101658
6.79
7142
2.56
18274
1189.40
571
532
1971
124356
6.50
7737
2.56
19806
558
522
1972
1287.90
139068
6.46
7524
3.76
21543
1314.40
552
516
148759
1973
519
3.76
560
138955
19989
1301.30
7.37
5316
1974
27146
1765.50
6.21
544
510
1975
3.60
7541
185962
30333
6.10
2037.30
5.56
541
511
1976
8348
210301
2571.90
38829
516
5746
1977
5.44
488
8.60
259523
3778.80
58135
481
1978
8.60
5.32
508
6760
354219
8.10
5.15
63515
4128.50
tOS
1979
478
7385
389253
59803
3906.90
4.95
498
379253
1980
8.60
474
6954
5.16
3404.60
494
1981
8.60
51686
468
6010
323405
3481.40
335098
1982
8.25
52603
5.28
500
473
6310
8.25
497
3722.30
5.30
1983
56098
6799
470
348855
8.25
3939.80
1984
58254
5.33
498
472
383055
7182
502
62599
1985
8.25
5.44
402988
4202.00
475
7588
8.25
1986
2989.30
505
7146
58951
5.75
475
393834
8.25
58247
5.88
1987
2968.80
507
478
7060
396287
1988
8.25
2882.42
6.30
515
56378
483
8969
388770
8.25
58302
7.05
1989
2978.98
511
475
7337
400849
28.25
78054
3804.64
1990
8.88
489
446
5652
462629