第二章

续上表
1989
1990
1984
1985
1986
1987
1988
22374
23970
24764
25069
24630
26867
共产党员
19494
8450
10340
共青团员
6554
10092
8370
9579
7501
296
356
354
231
339
146
267
民主党派
21085
23077
19803
19312
19734
19540
22148
无党派
党政群团
4256
3737
8498
8739
8793
3926
3941
3346
3195
政法
3075
3267
2506
3041
2314
13402
7681
7666
工业
14719
15219
7137
17324
3615
3729
2371
2318
2994
3313
2568
交通邮电
2015
1943
2039
1458
412
1687
1703
基本建设
3589
1791
2039
2862
1602
3768
农林水气
2050
6139
6847
3852
4317
5360
5386
5524
财贸金融
23594
25198
16296
18260
22878
15865
文卫体科
14522
626
670
787
837
其他
391
433
1312
二、思想建设
宣传教育民国38年（1949年）3月，中共新海连特委成立宣传教育委员会，把宣传
教育作为“团结全党进行伟大政治斗争中心环节”。针对干部入城后的思想状况，特委作
出“学习时事，澄清思想，整顿组织，建立制度”的决定，要求干部加强时事和政策学习，加
强组织性、纪律性，加强团结，克服享乐思想，保持无产阶级本色。各级党政机关成立学习
委员会，普遍建立周会、党日等学习制度，坚持先党内后党外，先干部后群众，围绕党的中
心工作，开展恢复生产，组织生产自救，清匪肃特，减租减息，稳定社会，循序建立基层民主
政权，参军支前等宣传教育活动。
1950年后，建立了党的报告员、宣传员制度。在党政群团各级组织中逐渐形成宣传
教育网络。据1952年底统计，市区有县级报告员31名，区级5名，党的基层宣传员1643
名。各级党组织围绕经济恢复时期党的中心任务和“一五”计划，坚持舆论先行，积极疏
导，成功地保证党的各项任务的完成。1955年合作社运动中，市委针对一部分党员干部
中滋长的官僚主义、主观主义，简单粗暴、脱离群众的问题，进行了一次系统的思想教育，
采取领导层层动员，报告员、宣传员宣讲，各种宣传工具紧密配合，使党员干部受到深刻教
育，密切党群、干群关系，社会风气为之一新。1956年，随着生产资料所有制社会主义改
造运动深人，市委深化对党的过渡时期总路线的宣传教育，年内召开了3万人参加的欢庆
社会主义改造胜利大会。年底，又围绕党的“八大”精神，宣传党的主要任务，党对各项工