第四章
财政管理
.1601
1949~1990年连云港市主要财政支出统计表
单位：万元
表38-6
其中
项目
项目
行政管理
行政管理
金额
金额
经济建
经济建
文教科卫
文教科卫
费和公检
费和公检
设支出
事业费
设支出
事业费
法司支出
法司支出
年份
年份
合计
832
1970
1238
158510
53295
74719
30496
258
148
1067
620
1971
273
174
1949
48
20
24
306
1972
1980
1488
186
1950
64
24
32
1973
2451
1869
373
37
38
209
1951
88
13
1974
1053
481
396
26
46
176
1952
78
566
202
129
26
43
60
1975
1172
404
1953
446
226
1976
1278
606
140
50
70
1954
20
1795
1075
238
41
1977
482
1955
192
69
82
307
1251
611
112
1978
2169
294
69
113
1956
2506
1452
724
1979
330
92
103
112
1957
307
163
900
351
109
1980
2563
1312
2581
2309
1958
2273
787
1109
377
136
1981
1011
203
1959
1350
431
1982
2923
1148
1344
267
616
228
121
1960
1604
110
1983
9737
3685
4448
188
1961
336
38
13128
5639
2401
176
1984
5088
100
318
1962
42
6354
2261
166
1985
12799
4184
61
105
1963
332
2577
111
1986
3944
7168
211
13689
406
84
1964
3949
7746
2696
1987
14391
225
153
117
1965
495
3875
1988
17446
3998
9573
258
264
115
1966
637
4619
4219
10846
450
1989
19684
101
256
93
1967
5207
313
5673
12360
180
81
1990
23240
52
1968
126
210
754
418
1969
财政管理
第四章
第一节
企业财务管理
一、企业利润分配管理
1950~1951年，企业利润全部上交财政。
1952年，企业完成国家下达的生产、销售、财务等计划，在计划利润中提取一定比例