续上表
基本建设
农林水气
财贸金额
公用事业
交通邮电
党组织
年份
党委
12
17
33
1956
支部
26
95
202
1355
80
31
1809
19
61
总支
101
19
1957
党委
83
50
47
支部
103
28
66
2011
269
1492
123
总支
25
173
18
1958
党委
45
86
28
36
1616
支部
121
96
2259
282
29
18
33
总支
16
99
1959
169
党委
29
46
86
37
支部
2340
134
298
1623
123
89
34
27
总支
20
1960
162
102
党委
37
66
50
支部
150
273
45
144
93
2385
1647
30
15
总支
167
1961
21
30
91
党委
109
42
55
支部
186
166
2412
243
47
1649
81
36
16
总支
92
20
1962
10
32
党委
107
40
支部
185
222
51
146
105
2459
1688
59
总支
79
15
19
1963
20
党委
109
41
55
支部
2518
203
272
68
157
111
1647
55
总支
1964
17
73
12
19
党委
117
17
41
56
支部
217
2540
63
164
1633
134
60
总支
1965
68
13
14
21
党委
116
36
15
58