第二章角
：1735
解放后中共连云港市地方组织
续上表
财贸金额
其备
交通邮电
基本建设
农林水气
公用事业
党组织
年份
支部
821
4407
298
174
20
2305
410
314
65
1977
157
48
15
62
13
总支
党委
129
16
56
41
支部
52
4632
342
867
210
440
352
61
总支
164
15
14
55
1978
49
14
党委
125
17
35
支部
4764
2315
256
930
227
455
408
14
21
81
57
总支
153 
1979
10
46
12
14
党委
146
32
64
12
22
支部
2389
490
431
19
160S
347
993
246
77
总支
183
13
10
1980
11
62
62
13
党委
150
29
25
65
15
10
2506
520
447
75
支部
1066
245
20
5397
398
总支
71
19
13
212
16
68
14
1981
26
65
140
党委
279
29
10
23
支部
2506
529
455
29
5541
400
1152
256
97
总支
221
19
15
18
72
70
1982
14
党委
159
29
26
12
65
2348
529
484
36
38
102
支部
5551
450
1139
286
139
66
总支
221
18
13
74
17
15
1983
23
12
164
党委
13
522
37
116
支部
585
41
484
1135
286
148
2427
5781
12
总支
65
17
19
60
1984
210
23
92
194
12
23
党委
18
29
118
6211
49
33
支部
595
589
1264
327
175
2472
589
总支
12
58
19
29
231
64
35
1985
33
10
13
党委
188
114
136
1463
2445
658
36
支部
625
368
180
638
48
6597
1986
39
10
19
总支
13
251
84
40
42