续，准备金率为30%（1987年1月调为10%），执行专业银行统一一的存款准备金制度。
1987年信托投资机构纳人国家综合信贷计划，开始缴存准备金制度。1987年、1988年，存
款准备金率分别调高至12%、15%。1987年，中国人民银行总行为进一步强化收紧银根
的政策，开办农村信用社特种存款，当年末，全市农村信用社特种存款余额为426万元。
1988年第四季度，根据中共中央、国务院治理经济环境整顿经济秩序的方针，总行决定开
办其他金融机构特种存款，从资金上制约其他金融机构贷款扩张，当年末，全市信托投资
机构特种存款余额为27万元，农村信用社为451万元。1990年，省人行安排全市计划
1000万元，采取自愿认购的原则，当年农村信用社特种存款余额为650万元。
1984~1990年连云港市金融机构存款统计表
单位：万元
表40-2
金额
1990
1984
1988
1989
1986
1987
1985
11182
3675
7341
8776
9510
5045
2881
5869
10029
1722
6534
8553
3182
2239
法定准备金
625
767
1225
2118
418
3068
444
4084
1911
2253
1994
2659
3441
3443
300
300
407
354
368
269
非银行金融机构
31224
12112
22195
16098
18695
8188
8474
255
848
1872
工商行
549
1430
2091
1565
1437
农行
802
2275
4815
1758
3340
中行
支付准备金
801
2414
667
744
619
861
2983
2138
1106
1464
2050
3631
4505
1537
市交
1266
1777
482
308
非银行金融机构
12736
15040
4738
5926
5271
8679
650
417
426
451
农村信用社
特种存款
27
信托投资公司
OS9
417
478
426
二、城镇储蓄
解放前，旧银行曾开办活期和各种定期储蓄。抗日战争前，储蓄存款还较稳定，抗战
期间和抗战胜利后，由于通货膨胀严重，储蓄存款很少。解放前夕，江苏省银行新浦办事