1000吨、热熔胶带400吨的生产装置，并使之与国内重点工程扬子石化、齐鲁石化公司30
万吨乙烯产品包装相配套。1987年5月建成投产。当年实产EVA热熔胶230、热熔胶
带25吨。
1988年1月，热熔胶车间从有机化工厂划出，成立连云港市热熔粘合剂厂，先后开发
用于冰箱、彩电、洗衣机和地毯等11种型号的专用热熔胶系列产品，同年多用途EVA热
熔胶和热熔胶带分别获省科技进步四等奖和省优秀新产品金牛”奖。1990年，该厂生产
的热熔胶和热熔胶带分别获北京国际包装技术展览会金、银奖。
·1990年，全市实产EVA热熔胶372吨、热熔胶带99吨、EVAL粉末121吨、衬布10万
米，实现利税113万元。至1990年，全市累计出口EVA热熔胶60吨，创汇8.8万美元。
1972~1990年连云港市主要胶粘剂产量统计表
单位：吨
表20-12
人造毛皮
强化
305
聚乙烯
EVA
EVAL
聚醋酸
田菁胶粉
年份
工业明胶
粉末
热熔胶
树脂胶
防风胶
合成胶
乙烯乳液
醇缩丁醛
1972
46
1973
128
50
1974
41
106
50
1975
100
103
1976
100
1977
973
815
1978
100
100
1979
48
536
976
202
1980
100
1531
33
21
100
1981
150
1982
2650
62
30
14
246
100
31
22
100
100
1983
2758
89
270
2552
27
52
38
120
1984
111
100
338
127
399
190
1985
2862
19
28
150
100
360
66
1986
2326
46
250
514
146
148
50
230
187
1835
82
50
1987
500
592
496
114
249
1988
1717
45
11
870
451
580
984
58
650
232
211
1989
416
1990
1927
372
121
248
446
17
50
450
412