第二章角
解放后中共连云港市地方组织
·1739
续上表
1990
1980
1982
1983
1984
1985
1986
1987
1988
1989
1981
120451
128409
123130
143132
144271
111524
133063
139129
141360
113196
118146
党员总数
16455
19387
19509
妇女
17412
17723
18833
19185
15692
15688
16081
16298
少数
200
141
182
195
202
106
118
129
99
170
120
民族
2155
2992
3990
1995
2209
2194
1281
1484
2075
4321
4703
发展新党员
3802
3415
4797
5923
6893
5362
4536
3870
25 岁以下
4070
3446
4181
32202
30722
27995
32432
28711
33274
32002
32423
31640
33008
32824
26 ~ 35 岁
39427
41668
42986
44478
44177
36 ~ 45 岁
36709
36358
37193
38735
35309
35552
34498
22214
27906
32363
33811
33494
24074
28593
30598
31393
22017
46 ~ 55 岁
12841
14644
14997
11763
12147
10404
10775
10803
9064
10058
11343
56 ~ 60 岁
13856
15638
17269
18734
10335
12917
8294
9394
10731
11044
7679
61岁以上
9310
t666
大学
2456
2872
3622
5214
6439
7497
8445
1937
1920
26344
27420
20314
高中、中专
23593
25133
9967
12625
14836
17607
9302
11636
30860
38615
41874
42506
43055
41247
27353
32356
34059
36806
28234
46368
46265
46104
46363
45763
46375
46234
45148
46274
46667
44839
18039
22678
20527
19540
18609
27910
21461
28110
26920
25931
24238
机关
14142
15404
10990
11980
13300
14793
8013
8659
1096
10298
7615
22487
16017
23777
23111
23501
17568
17557
19947
20790
16411
17347
5560
5761
4799
5349
5524
交通邮电
3711
4306
3351
3649
3413
3328
2451
2397
2489
2424
2437
1749
1792
2173
1060
1103
基本建设
883
72545
72551
72728
72939
72559
72284
720780
69726
72210
农林水气
609637
10131
10573
6611
8883
9563
财贸金融
6753
7462
7635
8007
6842
6410
10588
10695
文体
6258
9657
9960
10181
7293
8521
5652
6430
6598
科研
558
956
1054
1080
1162
436
519
274
411
267
260
467
524
470
472
295
322
332
280
606
708
813
公用事业
1730
2592
其他
2397
1874
1493
1549
942
903
1206
1287
1469
注：1966~1976年“文化大革命”期间无统计资料。
干部队伍新海连解放后，市委针对干部入城后的思想状况于1949年进行整编，精简
党政干部134人。由于组建新机构、干部缺额，年内提拔干部397人。为加强基层组织建设，
50年代，市委选拔一批建设人才，对党政机构作4次精简调整，组织大批干部到农村、厂矿劳
动锻炼，支援工农业生产。1951～1959年，提拔干部2811名，其中，仅1956年就从知识分子