第三章竹、藤、草、柳编
·841:
1963~1990年连云港市柳制品生产经营情况表
表17-7
产量
产值
销售
利润
利税总额
年份
（万件）
（万元）
（万元）
（万元）
（万元）
1963
3.76
1.80
3.14
0.36
0.16
1.79
3.74
1964
3.64
0.40
0.19
1.46
5.56
1965
4.52
0.43
0.20
1966
1.09
1.10
0.63
8.54
9.38
1967
3.95
7.44
7.33
0.59
0.23
1968
5.04
7.05
4.04
- 0.54
- 0.74
1969
0.91
0.73
1.02
0.10
0.04
10.75
1970
13.66
0.37
7.68
0.90
9.56
1971
13.42
13.84
1.09
1.01
12.24
- 3.80
1972
15.42
15.48
- 3.02
11.76
14.82
14.82
0.78
0.07
1973
19.90
25.07
3.22
1974
2.27
20.71
1975
3.57
22.86
28.80
31.23
2.20
41.04
1976
43.17
43.21
10.09
7.93
55.88
7.95
5.57
45.54
49.07
1977
59.10
76.24
7.64
10.41
1978
55.59
94.96
6.07
1979
127.44
51.08
5.11
50.69
69.93
42.75
8.62
3.30
1980
2.76
89.20
63.08
41.04
4.92
1981
39.14
2.02
0.54
35.95
30.00
1982
35.85
47.92
2.61
32.48
1.12
1983
36.35
59.36
60.42
1984
3.60
1.93
105.05
84.55
65.10
5.07
1985
1.42
45.36
9.38
1986
1.52
202. 40
172.38
1987
182.02
309.61
246.46
23.36
13.76
285.56
18.32
1988
228.06
10.80
144.02
169.59
533.79
398.64
28.84
12.52
1989
9.33
1990
230.72
800.95
37.77
650.71