:1568·

续上表
石油
机电产品
煤炭
钢材
生铁
木材
有色金属
年份
(吨)
(吨)
(吨)
(吨)
(吨)
（万元）
(立方米)
1966
232401
14761
3268
1968
243
26136
13066
1967
181000
20347
130
7649
1968
55
179000
6701
1969
9036
210000
5008
56
1970
277055
16180
4468
14379
354
3150
265086
22408
3244
1971
6308
457
9502
6451
1972
25544
3303
290266
19152
609
294976
7919
3484
1973
33909
640
20752
234429
34016
1974
4928
1410
20131
545
45
1975
45315
2380
6667
27948
358923
81
520
52556
1976
395511
4046
2502
83
22804
505
1977
66568
7522
3499
463452
127
34941
673
1978
125
664380
70894
9066
3271
755
27282
1979
18364
3819
684681
143
31615
581
1980
18945
678183
4366
199
31186
751
1981
176596
1080
190
21740
18828
807
218295
1982
22884
5655
226
18694
1256
1983
16319
533
180853
4075
25810
1251
207010
24999
1984
5171
38234
402
1426
1985
40584
248485
4062
570
36851
1858
1986
519541
43593
6265
577
37176
3111
51219
1987
431917
748
6284
13452
4112
1988
382217
46280
5187
1050
11450
5941
340825
1989
11457
38933
709
3079
3880
1990
351096
39341
14221
1406
3139
4812
二、订货和催调
国家、省下达的计划物资的分配，通过订货会议的形式完成，各专业公司尽可能将订
货合同数直接分割到户。物资的调运，由物资部门负责，各专业公司组织专业人员赴发货
单位落实货源、组织催调。一般说来，上级分配计划与实际订货数有较大差距，即使订到
货，也不等于实际到货数，其中涉及产量、运量、质量（等级）和到货率等诸多问题。其中，