第二章
续上表
灌云县
市区
赣榆县
合计
东海县
年份
22170
1965
3165
8375
6515
4115
3430
7670
1966
24840
9470
4270
6895
4615
1967
23960
2830
9620
13620
2880
2160
1968
2795
5785
4935
1969
15845
2680
5175
3055
5340
4945
1970
21975
2960
8730
3115
12735
7130
1971
36225
13245
2525
5385
8415
1972
25210
8885
3465
1450
1973
6950
4775
16640
25675
6635
1974
3120
9585
6335
16600
3765
8165
1815
2855
1975
25285
6430
1970
6805
1976
10080
27735
9350
1685
9420
1977
7200
29790
940
13490
1978
7135
8225
22040
8225
925
5620
1979
7270
24770
7865
1040
1980
7485
8380
7510
1560
6460
1981
10070
25600
8055
2160
5355
1982
0916
24730
8790
1865
5835
8145
24635
1983
1945
4845
1984
27120
9970
10360
1281
3953
20926
9735
5957
1985
861
4591
13355
7599
304
1986
3984
231
11513
6509
789
1987
891
3967
5629
301
1988
10788
5839
189
802
3227
10057
1989
3620
204
917
5778
10519
1990
1957~1990年连云港市供应农业人口食油统计表
单位：吨
表 36- 9
赣榆县
灌云县
合计
东海县
市区
年份
620
613
1532
24
275
1957
379
504
1958
1473
94
496
343
1094
320
71
360
1959
348
1156
63
368
377
1960
135
93
67
315
20
1961
52
86
21
1962
229
388
40
14
136
1963
150
340
255
220
730
85
170
1964
385
237
115
1965
1052
315
100
210
1966
85
170
565
225
155
90
95
1967
565
300
70
110
1968
625
145
415
1969
140
135
80
770