.1524·
续上表
合计
年份
市区
赣榆县
东海县
120
225
700
55
1968
1100
115
65
240
760
1969
1180
144
645
09
1124
275
1970
114
60
195
645
1971
1014
108
180
988
643
57
:1972
96
997
640
73
188
1973
86
69
173
1801
753
1974
729
1975
1043
93
67
154
711
69
156
1037
101
1976
89
63
172
1036
712
1977
95
62
164
1087
766
1978
822
96
77
1979
1182
187
75
1980
1261
888
115
183
119
103
1981
1433
969
242
188
177
357
1982
2139
1417
149
144
1983
1793
1211
289
161
123
1984
1753
1242
227
145
1790
1296
237
1985
112
1534
997
144
119
1986
274
166
131
1987
1730
1159
274
183
1947
1318
150
296
1988
1989
1766
1147
179
165
275
1515
235
1990
2355
237
368
二、军粮供应
民国29年（1940年）8月至民国30年5月，灌云、东海、赣榆抗日民主政府相继设立粮
科或财粮局，征收田赋、公粮，供应抗日根据地党政机关和部队粮草。粮食分散在群众
家保管，乡村支付部队粮草的收据，逐级上报到县粮袜科或财粮局核销，或顶抵田赋、公
山东省战工会规定从民国30年（1941年）6月15日起，滨海等抗日根据地的党政机
关和部队使用支粮票，支粮票由专署印制。部队用粮除凭支粮票外，还须编造需粮预算，
由团以上首长核准后，经县或行政专员公署审批，到指定粮草站提粮。民国33年，淮海行
政公署发行粮草代金券。民国34年6月，中共准海地委、行署、军分区决定部队人月口粮
为36公斤。民国36年3月，苏皖边区第六行政区专员公署规定，县以下武装人员每人每
天0.875公斤，品种为玉米、大麦、小麦等。
民国37年（1948年）底，新海连军管会在东海县富安设军粮供应站，凭山东省粮食总