.962·
续上表
海藻酸钠
甘露醇
单甲基
二甲基
五硫
三氟化磷
电石
氯化芋苯甲醛
年份
甲酰胺
甲酰胺
化二磷
产量
其中出口
产量
其中出口
185
1166
765
1287
142
1975
105
1520
316
759
1348
1976
78
2051
200
10
279
100
795
1602
17
146
1977
360
17
1718
884
2297
420
180
166
1978
1505
366
19
445
4114
409
216
941
1979
683
612
60
803
12
419
4437
1203
63
146
1980
62
619
374
933
20
546
56
3019
1111
79
144
1981
1298
977
736
47
804
40
753
102
140
4496
240
1982
1618
73
700
130
1228
1024
868
350
4468
336
35
1983
123
925
116
575
1229
1706
822
483
3152
379
20
1984
1184
497
741
163 
127
674
319
4124
263
1985
306
20
159
338
1015
1180
439
4524
136
10
677
1986
287
139
1484
161
516
1117
900
818
3917
389
1987
1024
921
93
179
800
620
3551
1895
275
10
1988
841
3926
1976
936
260
976
761
101
190
1989
114
714
792
2009
1508
1321
1053
564
339
1990
第二节
主要企业简介
一、连云港市红旗化工厂
该厂的前身是私营益昌油坊，1955年改为公私合营，1958年转产石棉、硫酸亚铁、二
氧化硅等10余种化工产品，并被新海连市人民政府定名为连云港市红旗化工厂。
1964年下半年，该厂试生产牙臂级磷酸氢钙、药用级磷酸氢钙、饲料级磷酸氢钙、焦
磷酸钠、玛日夫盐等产品。1967~1976年，累计实现产值3552.95万元，其间新建金属镁
车间。
1980年后，该厂新建、改造的生产设施包括年产300吨柠檬酸、3000吨牙膏级磷酸氢
钙、2000吨药用食用级磷酸氢钙、1800吨焦磷酸钠、1000吨食品添加剂的生产设备和5000
吨的水化塔、150千瓦的热电工程，引进并建成年产2吨的乙基麦酚、年产500吨的8416
增塑剂工程，开发引进了磷酸二氢钙、焦磷酸二氢二钠、柠檬酸锌、柠檬酸钾等10多种食
品添加剂生产工艺，成为当时全国磷酸氢钙（不含饲料级)最大的生产厂家，食品添加剂产
量居全国首位。
1979年该厂被省人民政府授予“大庆式企业”称号。1980年、1982年，受到省人民政
府嘉奖。1983年被省政府评为安全生产、劳动保护先进集体。1986年被省政府评为出