1975~1990年连云港市出口商品收购统计表
表35-2
单位：万元
粮油
土畜
纺织
工艺
服装
丝绸
轻工
陶瓷
化工
医药
设备冶金
机械
」有色
五矿
年份
总值
食品类
产品类
品类
类品
类类1
金属类
978.84
332.48
1975
145.66
107.92
141.51
98.66
125.92
8.00
18.69
1976
1312.75
326.96
185.41
165.15
170.41
197.71
40.00
42.33
184.78
1977
1561.15
173.74
228.59
17.80
162.05
72.80
88.45
455.54
202.18
1978
1683.54
574.38
182.25
218.24
218.42
94.03
206.43
188.69
1.10
1979
2315.26
510.78
146.13
245.23
137,30
292,.87
32.70
813.94
136.06
0.25
1980
6227.05
1729,07
245.16
211.1
725.54
2184.99
115.43
14.98
446.81
208.02
113.82
232.12
6569.32
28.35
1981
2348.46
1742.76
351.31
380.96
345.43
265.64
26.18
672.34
177.29
83.53
106.56
13.86
26.65
2546.17
236.82
415.06
30.52
1982
7860.95
22.45
533.55
489.95
186.65
810.23
122.12
148.92
77.98
40.53
29.81
1983
8767.98
2443.09
3079.06
685.03
550.28
715.47
175.02
82.64
371,75
437.97
79.63
8.16
50.06
1984
9338.88
543.95
35.29
2790.28
593.41
387.12
73.37
905.51
23.52
54.95
672.07
261.47
51.00
19,20
13970.40
1985
4390.31
5183.63
394.46
843.05
44.99
783.53
23.99
535.95
126,27
24.00
458.33
1108.39
53.50
1986
55.52
21850.95
6234.81
9899.80
207.11
1124.58
568.84
951.63
144.61
67.72
0.69
984.55
1439.07
80.25
91.77
1987
21174.38
4275.90
1017.94
1393.83
59.25
6236.52
1062.80
1471.45
2874.09
42.66
330.60
662.20
12.00
366.70
102.36
1988
2687570
8027.47
7141.32
1424.14
1545.17
1834.16
1083.05
2035.54
2559.53
212.50
110.49
89.10
392.42
318.45
1740.02
1989
20811.21
810.50
141.83
2096.15
8178.08
170.36
1104.51
8.03
2208.02
997.53
+8* 107
2000.59
780.62
163.23
9.90
1990
35755.91
10955.97
1954.10
316.93
1945.86
1521,88
2755.90
1250.27
10007.76
143.46
0.65
2928.40
1217,33
442.28
315.12
1990年连云港市有自营权的外贸单位情况表
表35-3
单位名称
主要经营范围或下属公司及企业概况
中国五金矿产进出口
经营范围：五金、矿产、化工、医药、机械、设备等；各种先进技术机械设备、建
筑材料、工业原料、有色金属以及各类化工医药产品等的进口业务
公司连云港支公司
由中国国际信托投资公司、江苏省信托投资公司、连云港市政府三方出资，
于1984年9月成立，拥有中外、中中合资企业10多个。主要有连云港国际
连云港经济联合开发
信托投资公司、中国榆和养殖有限公司、连云港船务公司、连云港中北出租
公司
汽车公司、连云港工商经济联合开发公司、天然居宾馆、神州宾馆、北京饭
庄、香港振云有限公司等
开办于1987年12月，是连云港市第-一家海外企业，注册资本50万港币，经
营范围为贸易业务。1990年已和港商合资在国外创办了39个非贸易创汇
香港振云有限公司
企业