第四章
医药购销

续上表
药品
玻璃仪器
年份
购进总值
医疗器械
化学试剂
中药材
中成药
1166
62
165
1985
2028
337
11
287
2586
1529
1986
361
152
93
21
430
2750
4179
87
1987
490
13
196
643
6701
4551
626
155
487
862
1988
20
5593
3760
1989
538
204
221
936
389
205
735
33
1990
7128
4498
1768
1958~1990年连云港医药站经营品种销售统计表
表 19 - 6
单位：万元
药品
年份
销售总值
中药材
医疗器械
化学试剂
玻璃仪器
中成药
271
251
20
1958
37
1959
250
183
17
13
1960
284
54
23
385
15
207
28
1961
277
25
28
20
275
200
1962
39
29
19
292
207
1963
158
39
19
1964
242
21
171
16
260
1965
44
22
329
205
71
20
25
1966
351
22
23
1967
53
166
24
15
15
221
1968
20
11
190
1969
233
14
20
1970
255
171
43
26
553
17
43
1971
245
91
620
20
403
39
1972
85
45
1973
802
562
105
18
54
63
536
55
770
104
16
49
1974
24
683
176
56
76
1975
1015
212
54
78
1976
1129
757
28
39
114
1977
t96
74
1481
290
1381
76
42
106
886
271
1978