第一章化工原料·951
续上表
牙膏级磷酸氢钙
药用级
三聚
无水
磷酸二氢
食品级
年份
焦磷酸钾
磷酸氢钙
钾（工业级)
磷酸钠
磷酸氢钙
焦磷酸钠
焦磷酸钠
产量
其中出口
294
1970
612
106
1971
805
410
187
135
161
1972
1158
213
181
206
1973
1406
88
136
1974
617
109
170
67
1975
130
322
633
95
183
1976
896
223
403
55
137
292
1977
1067
230
341
41
59
550
1978
1355
447
372
44
15
116
294
396
1979
1932
176
300
189
128
1980
2992
147
45
500
2930
228
17
162
360
1981
133
44
1100
193
119
333
670
2515
458
1982
49
1983
875
526
289
104
771
468
84
176
1984
397
294
96
853
tOL
1498
22
84
640
486
362
1985
2668
215
1390
67
56
855
650
465
504
1437
1986
3339
191
1034
150
67
1987
4179
882
674
646
330
860
231
382
360
4670
1988
438
737
728
385
931
365
336
496
240
1989
1784
95
773
681
401
355
374
795
652
1990
1762
175
975
2141
265
353
氯化物【氯化镁与氯化钾】民国32年（1943年），侵华日军将天津久大公司大浦精
盐厂改为大浦苦卤厂，生产氯化镁。民国34年日军投降时倒闭。
20世纪50年代，市境盐场曾利用苦卤，土法生产氯化镁、氯化钾。1959年6月，由中
央轻工业设计院设计，国家投资400多万元建成黄海化工厂，后因“文化大革命”开始而停
产。直到“文化大革命”中、后期，各盐化厂才陆续恢复生产。规模较大的有台南化工厂、
徐圩化工厂、灌西化工厂、东辛化工厂和赣榆县盐化厂、连云港市盐化厂等。
1971年后，黄海化工厂先后投资4.6万元进行技改。到1976年氯化钾年生产能力达
到1500吨，当年实产1200吨。同时利用氯化钾副产品制取医药级氯化钠，1977年实产13
合《中国药典》(1985年版)标准，获省药物生产许可证、合格证。1985年起，该厂将氯化钾
风冷结晶改为二段真空结晶，到1986年年生产能力增至2000吨，实产1800吨。同年该厂
的"黄化”牌氯化钾获省优质产品称号。同年全市氯化钾总产量达到3000吨。1987年灌
西化工厂生产的“海浪”牌氯化镁获省优质产品称号。