1662·
续上表
项目
特种
基建
财政性
合计
企业存款
城镇储蓄
农村储蓄
存款
存款
存款
年份
538
138
130
36
1957
30
204
236
1047
233
503
50
21
1958
1142
265
437
57
1959
33
270
80
1960
1391
512
317
46
328
188
1961
1462
479
308
E9
22
327
283
1039
1962
1940
75
286
121
196
223
629
94
1963
1407
309
62
208
105
1964
1749
792
293
126
87
270
181
783
1965
2138
623
67
336
305
1966
2079
831
424
154
47
367
256
1967
1941
807
354
153
342
284
291
1968
2363
1046
207
120
357
342
1764
1969
3324
423
360
310
159
308
1970
3199
501
1285
359
420
177
449
1971
4562
1443
1577
427
179
407
529
1972
5230
1340
2012
669
13
475
721
4362
1619
1973
748
484
528
983
5373
963
1974
2197
479
629
1105
688
2397
1975
5901
652
444
407
1313
1976
7579
3392
726
425
653
760
1623
8641
1977
3352
1245
475
966
897
1676
1978
8631
3655
1040
340
871
1122
1803
8790
4598
1359
1979
344
17
2502
1583
1980
29135
10060
396
1532
3766
11256
1981
30359
1071
14491
458
4888
5808
1982
37276
10170
1541
533
10080
2442
1983
45561
22729
1581
568
21
14201
790
71760
861
36696
2102
571
15544
8731
86054
1985
35880
540
306
21729
12270
1986
122012
49386
1300
99
32757
18782
1987
150385
54752
2533
634
22557
162355
1988
60264
1951
62122
22592
1989
56257
188053
11904
83983
21384
1990
207520
68787
3280
24354
660111