续上表
1979
19m
1978
1962
1963
1964
1965
1959
1960
1961
42852
46685
98153
106961
41858
102228
39432
42225
42623
44234
党员总数
妇女
4860
4886
4425
14362
14822
15219
3347
4908
4884
5000
少数
90
32
38
44
81
86
27
41
37
40
民族
3387
2164
274
2003
2827
发展新党员
1508
1245
483
48
2175
6668
5985
1779
1404
25 岁以下
4075
4033
3124
2428
4704
13510
32463
33642
26 ~ 35 岁
14138
13610
13788
12432
11690
15813
34088
21223
17269
18021
28572
36~45岁
16348
18250
18684
20322
31176
33114
4337
4580
4998
5519
6587
7591
20372
21852
46 ~ 55 岁
3410
22662
5288
2088
2017
2023
2093
17m
5768
1717
1650
7815
56 ~ 60 岁
312
431
573
708
1237
1308
4310
4285
4578
61岁以上
太学
136
48
65
98
160
239
248
1260
1534
1774
461
525
594
679
高中、中专
347
621
833
4329
6661
7381
初中
3605
3767
3824
4126
3216
4237
4639
24635
23075
25128
21474
39780
18476
20311
20059
19923
19551
20367
42382
44501
17416
19491
17345
17776
18146
18394
18712
28149
28576
28177
3313
机 
3055
3646
3784
3291
3659
5659
5912
3874
7490
4872
3526
4605
4327
4294
3184
4297
13010
13760
13941
交通邮电
925
937
895
2623
987
886
2421
839
855
3147
基本建设
37
650
1197
767
26850
农林水气
28641
29321
31311
33387
30762
31270
66717
67294
67194
2169
1871
2259
2207
2252
5654
财贸金融
2170
2408
6432
6175
文体
1159
1215
1235
1255
1263
1234
1359
3716
4925
4339
科研
265
公用事业
10
40
50
65
68
282
584
其他
686
541
439
735
628
514
406
389
326
2473