.1438·
续上表
年份
棉布
混纺布
化纤布
呢料
1970
349
43
5.92
1971
394
28
5.95
1972
415
44
5.25
1973
350
69
4.35
1974
366
64
4.56
1975
415
27
t9
4.41
1976
444
62
37
5.21
1977
365
93
25
6.04
292
1978
105
39
4.93
1979
361
130
59
6.39
1980
464
151
182
7.53
1981
428
180
19
5.33
1982
377
191
84
1983
370
248
123
24
1984
880
176
105
22
1985
314
188
82
31
1986
387
479
63
19
1987
268
132
55
21
1988
259
190
69
23
1989
236
171
64
18
1990
102
102
75
17
19491990年部分年份连云港市市区国营商业主要商品零售量统计表（二）
表33-7
生裤
绸缎
年份
洗衣粉
暖水瓶
（百公斤）
(万米）
(百双)
(百双)
(百条)
(百件)
(百箱)
(吨)
(百只)
(百件）
(百件）
（百件）
1949
0.2
20
36
108
360
798
48
18
88
1952
0.6
42
22
140
527
982
49
25
60
1957
917
272
722
874
26
10
2230
97
80
258
1962
322
102
29
86
655
100
623
58
75
305
1965
1020
389
220
1430
1592
88
66
98
254
1970
1728
30
451
562
106
1748
2999
78
172
547