·1742·j
续上表
1977
1978
1979
1980
1981
1982
1983
2413
党政群团
2027
2072
2635
2758
3211
3353
政法
1093
668
1442
1163
1547
1474
1720
工业
6829
5337
5767
6401
7190
8161
11384
250
交通邮电
260
728
787
829
768
1707
基本建设
276
270
267
302
350
农林水气
2709
2689
1580
1462
1646
1605
1981
财贸金融
3518
4292
4089
3519
3845
4347
4714
文卫体科
12304
12324
12752
13300
15353
14040
14413
其他
27
36
101
82
1431
续上表
1984
1985
1986
1987
1988
1989
1990
合计
45506
49840
52887
59446
52439
55784
58840
于部总数
妇女
10272
11664
13451
11593
11960
13294
14183
少数
134
166
171
168
124
137
120
民族
25岁以下
6652
7986
9244
11048
9830
10502
10029
11993
26 ~ 35 岁
11295
14515
12563
12671
14604
16221
14074
14945
36 ~ 45 岁
14798
16586
13968
14191
14845
46 ~ 55 岁
12528
11622
13339
14384
13145
13533
13969
56 ~ 60 岁
1629
2077
2602
2728
3211
2666
3242
61岁以上
234
311
341
· 185
159
216
61
大学本科
毕业者
9204
10880
14465
12469
14198
18240
16398
相当者
2345
1745
1757
1631
3036
2635
243
毕业者
12531
14371
17966
15530
16311
21198
18523
相当者
2098
1503
1435
1253
3717
3701
334
高•中
5356
6306
6939
9278
5438
5483
7643
初中以下
13972
15035
14757
14853
9739
9044
11182
文盲