·1394:

续上表
1986
1985
1987
1988
1989
1990
项目
范围
1983
1984
0.53
0.68
0.88
0.44
0.47
1.08
全市
0.35
0.41
市话
0.55
0.65
0.44
0.26
0.28
0.31
市区
0.20
0.25
0.13
0.08
0.09
0.11
赣榆
0.06
0.06
0.07
0.05
到达户
0.07
0.13
东海
0.06
0.07
0.08
0.05
0.05
0.06
户数
0.14
0.17
灌云
0.07
0.08
0.05
0.06
0.06
0.05
174.00
186.26
182.39
全市
160.93
163.97
212.79
154.27
161.69
农话出口
64.50
62.86
77.01
49.69
58.26
62.19
赣榆
55.20
57.71
56.19
57.30
60.89
67.48
64.42
东海
51.15
53.17
50.49
52.05
71.36
49.52
54.51
60.81
灌云
54.09
55.34
50.05
0.14
0.12
0.16
0.10
0.11
全市
0.09
0.10
0.09
0.04
0.05
0.05
赣榆
0.04
0.04
0.04
0.03
0.03
东海
0.03
0.04
0.05
0.03
0.03
0.03
0.03
0.04
t0'0
0.03
0.04
0.04
0.05
0.06
0.03
0.03
1990年连云港市邮电局（所）一览表
表 31 - 8
设置年月
邮政编码
设置年月
局所名称
邮政编码
局所名称
222061
1975
t061
花果山邮电支局
222000
连云港市邮电局
宿城邮电所
1979
1904
222044
222023
海州邮电支局
222068
海员俱乐部邮电所
1928
222046
1979
新县邮电支局
荷花街邮电所
南城邮电支局
1930
1983
222062
222046
1952
通灌路邮电所
222042
222002
1985
沟邮电支局
连云港邮电支局
222046
1938
南小区邮电支局
222001
1987.9
猴嘴邮电支局
222069
1954
222043
1987
云山邮电代办所
开发区邮电所
板桥邮电支局
1954
222066
222047
1988.7
淮海工学院邮电所
徐圩邮电代办所
222065
1954
222005
1988.7
222021
锦屏邮电支局
1955.3
西小区邮电所
222004
1988.11
新坝邮电支局
222022
1956.3
海连路邮电支局
222004
1988.12
海昌路邮电支局
222002
1965.12
连岛邮电代办所
222041
1988
云台邮电代办所
中云邮电支局
222067
1971
222064
云台农场邮电代办所
1972
222003
222063
解放路邮电支局
1973.5
1903
高公岛邮电支局
222045
赣榆县邮电局
222100