第二章供电：1165·
42.04%；城网损失电量为2838万千瓦时，占31.97%；110千伏网损为2307万千瓦时，占
25.99% 。
1949~1990年连云港市供电线损率统计表
表25-5
年份
年份
年份
线损率（%）
线损率（%）
线损率（%）
1949
20.00
1963
1977
7.35
7.35
24.44
1950
+961
7.39
1978
7.46
1979
27.97
5.13
5.62
1951
1965
16.64
1966
1952
7.08
1980
4.96
10.70
1953
1967
11.21
1981
4.47
9.22
1954
1968
20.01
1982
7.24
1969
20.30
1955 
10.67
1983
7.29
1970
10.24
1956
5.92
1984
7.61
1985
1957
1971
12.41
8.94
7.18
1958
1972
8.07
10.21
10.44
1986
9.99
1959
6.49
1973
1987
8.33
7.05
1974
1960
9.17
1988
7.62
1989
1961
8.00
1975
9.64
7.02
1962
8.08
1976
8.44
1990
7.29
第八节
安全监察
一、组织机构
1956年前，安全监察工作由新海发电厂统管。1956年始，供电部分设1名专职安全
员负责安全监察管理工作。发供电分家后，设备不断增加，供电范围不断扩大。为加强安
全管理，连云港供电局于1980年5月建立安全监察网组织，安全网业务由局长领导。
1983年10月，连云港供电局设立安全监察科，负责全局供电生产安全管理并组织安全监
察网开展工作。
1987年底，全局安全监察网成员计有112人，其中专职安全员8人。1990年，全局共
有专职安全员15人，其中市局9人，赣榆县局2人，东海县局2人，灌云县局2人。
二、措施
1953年，新海发电厂广泛开展安全教育，制定防范措施，组织广大职工开展安全无事