续上表
合计
国营生产
物资供销
乡镇工业
年份
其它
集体工业
工业结算
1958
626.20
626.20
1747.90
1798.40
50.50
1959
340.20
1960
2408. 10
2058.40
9.50
1961
1587.40
1287.60
161.70
138.10
775.70
64.30
1962
475.70
235.70
30.70
116.40
1963
743.30
256.70
339.50
1964
611.70
122. 40
392. 70
40.60
56.00
1965
83.70
2976. 70
2522.90
210.10
160.00
468. 00
1966
131.80
4457. 10
3998.90
202. 10
124.30
4458.90
1967
314.20
148.40
27.90
4949.40
90.50
5870.10
6625.00
443.70
220. 70
1968
9431.50
423.60
1969
516.40
10371.50
7606.80
1970
6374.50
692.70
539.60
5894.00
757.50
407.90
1971
4728.60
46.90
2857.00
855.90
4467.90
708.10
1972
3006. 30
660.10
148.20
47.10
4884.00
1022. 30
1973
769.40
84.70
46.90
3642. 80
1018.70
5562.50
1974
176.60
56.90
5829.70
3607.60
792.30
1975
1196.30
167.50
66.80
3667.30
1133. 10
881.30
1976
5916.00
1012.00
3260. 40
180.10
105.80
5632. 10
1073. 80
1977
1978
1169.20
356.60
109. 70
6984. 70
975.00
4374.20
118.40
5271.00
1280 . 20
295.30
7869.80
904.90
1979
6263.00
302.00
191.10
802.70
1575.60
1980
9134.40
9148.00
117.00
1241.00
2972.00
1981
13478.00
10051.00
3426.00
272.00
1982.00
1982
15731.00
11384.00
4127.00
42.00
18733.00
2826.00
354.00
1983
6158.00
477.00
1298.00
215.00
1984
4939.00
27848.00
14761.00
266.00
17734.00
1537.00
7642.00
213.00
5881.00
1985
33273.00
27664.00
2923.00
1986
8596.00
212.00
390.00
11633.00
51418.00
21.00
11333.00
278.00
3377.00
12698.00
1987
56191.00
28484.00
62940.00
11404. 00
6.00
256.00
4534. 00
13017.00
1988
33723.00
15094.00
5000.00
228.00
44855.00
1989
11254. 00
76431.00
65316.00
228.00
5099.00
99876.00
11731.00
17502.00
1990
注：1980年起含赣榆、东海、灌云三县数字。