1963~1990年连云港外轮理货分公司理货统计表
1278
表29-14
理货工作量
理货
理货费
年份
船舶
收入
化工品
货物件数
货物吨数
钢材
集装箱
纸类
原木、板材机械、车辆
其它
化肥、袋糖、碱、
艘次
（万元）
水泥(万吨)
（万件）
（万吨）
(万吨)
(台辆)
（万吨）
(万吨)
(万吨)
(TEU)
(万吨)
云港市志·口岸
1963
34
286.50
8.70
1.74
31
t961
234.49
7.00
1.40
1965
36
356.69
10.70
2.14
1966
33
338.47
10.20
2.19
1967
65
1076.45
32.00
6.72
7.80
1968
37
287.08
1.64
1969
48
468.56
13.90
2.92
9.79
161
48.90
1970
1630.90
1971
1386.67
154
41.50
8.72
151
1824.39
1972
71.15
15.33
1059.31
79
45.68
1973
9.84
1974
104
978.54
42.51
8.85
1975
1004.67
42.51
104
8.85
19%
88
900.56
46.69
12.08
1378.39
1977
189
101. 78
37.43
1978
238
1313.82
139.21
56.73
1979
241
1306.85
146.91
60.83
191
1980
1321.66
89.83
50.68
1981
169
1422.98
117.29
84.52
231
1982
1300.31
130.88
102.64
1983
299
203.50
1610.99
142.41
343
1984
1437.53
248. 16
171.46
122.05
54.06
5.46
0.09
1.41
3.0
1.19
1985
462
1355.34
2.04
306.82
243.61
163.93
47.76
61.77
2.85
2.66
1986
456
166.%
1150.80
282.96
265.73
28.47
58.82
2.21
0.37
1.47
10. 13
1987
431
1420.95
208.80
100.18
199.74
49.70
30.96
0.71
2.77
1.00
2.54
1988
420
1742.73
253.69
265.32
94.71
70. 15
0.66
1.66
53.77
3.84
1.14
1480
461
1694.55
1989
243.55
243.58
108.35
47.56
49.51
0.22
0.51
2.94
1.69
5881
453
1792.99
1990
180.90
234.79
45.26
42.29
1.20
0.03
6.36
16. 10
8914