续上表
果酒
中国江苏
年份
连云港市
连云港市
赣榆县
赣榆县
赣榆县
赣榆县
东海县
东海县
三得利食品
酿酒厂
酒厂
桃林酒厂
酒厂
酒厂
葡萄酒厂
啤酒厂
粮食酒厂
徐福酒厂
有限公司
2245
829
1957
2450
4141
10428
1989
410
3002
1737
143
2795
163
21649
1990
325
3725
1030
1971
3500
4841
630
19761990年连云港市食用酒精产量统计表
单位：吨
表18-5
东海县酒厂
市酿酒厂
赣榆县酒厂
年份
市葡萄酒厂
灌云县酒厂
274
1976
24
408
1977
310
458
1978
200
1979
870
118
883
1980
8611
394
1981
1061
20
1061
1400
1982
250
1300
1676
2897
10
1983
1312
200
1645
2801
1984
1890
1528
5448
1877
1469
1985
1893
1898
4242
1303
2987
1986
1626
2433
1987
1983
2924
5017
3720
1736
2404 
3704
4951
1988
1592
1556
3892
3652
3621
1989
2702
2121
4284
5242
3482
1990
第二节
非酒精饮料
一、碳酸饮料
1958年，市洪门酒厂采用土法制成汽水，并投人小批量生产。后因销路不畅而停产。
1985年，连云港饮料厂从上海购进两套全自动饮料生产线，年产能力1800吨，当年主
要品种有柠檬、桔汁、蜜桃汽水等。1986年，东海县酒厂投资10.1万元，新建年产2000吨
汽水生产线投产。同年，灌云县酒厂饮料车间、东海县桃林酒厂饮料车间、灌云县食品饮