第四章
储运
1543·
续上表
合计
市区
年份
赣榆县
灌云县
东海县
14880
18200
19035
30700
1957
82815
16260
10505
9975
47875
11135
1958
16545
15540
19970
1959
64155
12100
10315
11760
45330
9175
1960
14080
14315
14290
12545
8965
50115
1961
11430
12805
10185
1962
9695
44115
12124
53554
13153
9194
1963
19083
12070
11000
11535
11490
46095
1964
8555
34060
14670
5895
4940
1965
94185
22940
15945
29680
25620
1966
1967
36655
22750
37370
30730
127505
23645
113105
31160
29110
29190
1968
26295
83840
28945
14710
13890
1969
79840
15135
22360
30945
1970
11400
25415
38475
29230
37210
130330
1971
45305
16640
39925
22405
1972
124275
40240
52715
54275
182105
34875
1973
146605
45185
28295
40655
32470
1974
27725
31980
105465
20215
25545
1975
81425
5625
43635
4240
27925
1976
23260
12190
3850
32465
71765
1977
- 8155
28675
75510
17895
37095
1978
25895
32090
145860
49405
38470
1979
41945
2735
39350
19765
103795
1980
49270
13055
- 14135
18395
66585
1981
107390
30415
20570
5185
51220
1982
12850
42410
84930
178810
38620
1983
40285
59305
120760
34595
254945
1984
126343
53071
63394
1985
46530
289338
46749
68212
44448
77289
1986
236698
52109
118409
57504
46844
1987
274866
30695
114844
250892
47015
58338
1988
113796
29833
42769
60763
247161
1989
35583
145434
55296
79428
1990
315741
注：1953～1962年为3月底库存数，1963年为12月底库存数，1964～1984年为6月底库存数，1985年
以后为3月底库存数。