续上表
合计
市区
赣榆县
年份
东海县
14290
12280
1984
116070
71470
18030
16325
8532
7037
1985
97664
65770
9350
8114
18787
101984
65733
1986
16529
101134
8941
7994
1987
67670
11032
9560
17542
74074
1988
112208
88444
15232
14599
18988
1989
137263
21365
92600
18732
15522
148219
1990
食油1956年11月28日，新海连市粮食局公布食油计划供应标准：市镇居民每人每
月9两（16两制，1两=31.25克，下同），盐民、船民每人每月10两；机关团体每人每月13
两。1957年2月1日起调整食油定量标准：市民每人每月7两、盐民8两、船民7两、机关
10两、磷矿井下工、搬运工10两。同年4月1日起再次调整标准：机关团体每人每月7
两，磷矿井下工人、搬运工8两，儿童5两。1957年销售指标比1956年下降8%。1960年
10月1日起再次调低标准：市镇定量居民10岁以上每人每月0.175公斤，10周岁以下儿
童0.15公斤；磷矿井下工、钢铁厂炉前工、盐工0.25公斤。1961年3月1日起，城镇定量
人口每人每月0.1公斤，降到历史最低水平。
1962年开始逐步调高，盐工增至0.15公斤，磷矿井下工增至0.2公斤。1964年5月1
日起，定量人口食油每人每月增至0.15公斤，12月1日起每人每月增至0.2公斤。1965
年8月1日起，城市定量人口每人每月增加到0.25公斤，各县城集镇定量人口增至0.2公
斤。1981年9月1日起各县城集镇定量人口每人每月改为0.25公斤。此计划供应标准
至1990年底末变。
1957~1990年连云港市市镇定量食油销售统计表
单位：吨
表36 - 6
赣榆县
合计
东海县
年份
灌云县
91
82
129
969
667
1957
67
140
800
110
483
1958
102
135
155
454
846
1959
66
135
679
401
1960
124
75
85
522
238
1961
86
30
244
36
396
1962
63
243
38
24
368
1963
105
35
70
455
665
1964
160
86
62
1965
620
940
190
50
85
610
1966
935
50
205
625
115
1967
995