:1262
续上表
合计
11.53
481.16
492.69
9.28
968.16
977.43
907.44
47.19
954.63
0.91
40.43
41.34
50.51
104.50
155.01
210.22
292.23
502.45
5308.61
3835.90
9144.51
注：其中缺1960年、1961年的“到”、“发”统计，缺1969年、1970年“发”的统计。
1977~1990年连云港站运输收入统计表
表 29 - 10
单位：万元
收入类别
年度
实际
百分
比率
计划
完成
(%)
行包
客运
货运
其它
1977
25.40
953.90
1693.40
177.52
2.80
1655.90
9.30
1978
2399.60
30.00
2.00
2359.60
8.00
1979
2668. 40
2644. 40
99.10
2.80
32.60
2598. 50
10.50
1980
2471.50
2609.60
33.60
105.59
3.40
10.60
2562.00
1981
2792.00
3146. 10
38.80
112.68
2.70
3092. 30
12.30
2967.00
1982
3299.20
48.40
111.20
3.30
3232.20
15.30
1983
3394.00
4039.70
50.40
119.02
4.80
63.80
3920.70
1984
4718.00
5234.30
62.60
5.90
110.94
5147.40
18.40
1985
5604. 00
5778.80
103.12
69,40
5664.90
7.50
37.00
1986
6200.00
5649. 10
91.11
110.80
12.50
5408. 40
117.40
100.54
1987
5570.00
5600.00
124.30
5340.50
9.60
125.60
1988
6030.00
7103.30
117.80
19.60
145.40
141.20
6797.10
1989
7390.00
7677.30
103.89
186.40
36.30
7443.60
101.00
1990
5840.00
5907.00
36.00
101.15
238.70
5505. 80
126.50
注：1.连云港站运输收入管理工作，70年代后期开始，由徐州分局下放连云港线路管理。
2.1977~1985年仅为连云港站运输收入，不含墟沟、中云、连云港西3站。