第三章
商品购销

续上表
生裤
绸缎
胶鞋
毛巾
皮鞋
毛线
洗衣粉
暖水瓶
年份
（百公斤）
(百箱)
(吨)
（百只）
(百双）
(百双)
(百条)
（百件）
(万米）
（百件）
（百件）
（百件）
2323
1971
206
572
626
184
33
16
1741
911
1890
68
261
470
2128
563
115
754
2118
2804
1972
10
2656
279
37
433
2504
645
571
198
4029
82
1973
20
4023
265
407
2691
1448
141
48
23
1144
278
3084
1974
4919
551
3016
102
318
11
1975
1146
918
289
2885
26
188
112
304
423
1976
2606
878
338
3291
427
4520
21
1329
5574
288
738
t06
296
711
87
1977
2878
29
2832
1322
96
2607
5874
250
925
2116
842
357
565
1978
27
3317
296
666
492
2731
794
5751
91
77
1979
3093
2769
748
37
6319
355
706
109
73
953
717
2801
1629
32
3245
1980
3505
161
494
1041
2915
70
917
729
6390
3463
3401
1678
1981
25
9158
133
465
180
696
8458
824
820
1757
3208
1982
22
4233
1312
283
758
318
8558
3556
2916
792
8128
1983
4053
1137
48
1450
732
376
3648
250
856
1261
10999
2844
12316
1984
49
4568
537
280
209
1483
9643
1985
5392
856
6922
2185
5181
1303
48
159
569
455
1431
1174
1446
1986
4972
6166
3277
14302
5060
48
1396
652
5410
21091
119
537
754
2181
7091
3379
1987
47
4946
1609
587
1354
20136
317
4482
12990
546
2764
4890
5074
1988
39
838
357
402
1223
7188
14809
416
2776
4133
4899
4400
1989
38
2621
551
3983
964
142
1599
7407
4130
553
7041
50
4501
1990
化工
第二节
五金
交电
一、行业状况
20世纪20年代，伴随着手工、纺织、电力工业的发展，境内五金、交电、化工行业兴
起，私人经营主要集中在新浦。
民国14年（1925年），上海川沙人、木工出身的张松泉开设长生泰五金店。民国15年
后相继开业的有赵德记、萃丰、福恒昌、继昌等五金商店。1952年后开业的有万丰、大丰、
天丰等制镜厂，五金店发展到19户。民国11年，新浦福利昌车行开业。民国34年，车行
及维修业发展到15户、从业27人。
民国11年（1922年），新浦新东电灯有限公司创建，为用户安装电灯。民国34年，山