.1852·
连云港市第至七届历届政协委员会委员组成情况表
表42-3
届次
第二届
第一届
第四届
第五届
第六届
第三届
第七届
界数
人数
比例
人数
人数
比例
人数
人数
比例
人数
比例
人数
比例
比例
比例
(人)
(%)
(人)
(%)
(人)
(%)
(人)
(%)
(人)
(%)
(人)
(人)
(%)
(%)
中共
5.5
5.7
7.5
10.5
36
11.5
6.6
12
24
8.6
32
10
2.7
2.1
1.9
12
5.3
12
3.8
13
3.5
5.1
19
13
0.3
3.5
2.4
1.6
总工会
5.1
4.4
6.6
5.5
12
5.3
15
4.8
15
4.9
5.1
5.1
5.3
15
4.8
6.6
12
14
3.8
共青团　青联
4.2
8.4
3.1
3.8
12
5.3
15
4.8
13
3.5
11.3
12.5
2.7
工商联
17
16.1
18
18
11.5
18
2.6
10
7.5
6.3
5.7
6.3
10
4.4
15
16
农渔民
10
4.8
4.3
文学艺术
2.8
10
6.9
5.7
10
6.3
10
4.4
16
5.1
12
3.2
科技
11.1
12.8
10
9.4
17
20
8.8
30
13.1
15.9
12.6
14
50
47
教育
7.5
9.7
14
10.9
13
17
35
20
20
8.7
12.7
9.4
40
体育
0.9
1.3
1.3
医药卫生
7.5
8.3
10
12
13 
8.3
16
20
8.7
27
30
9.6
7.2
新闻出版
1.3
1.3
1.3
社科
1.3
1.1
归侨侨誉
0.9
10
2.7
台胞
0.5
0.6
合作社
3.7
2.8
3.2
3.1
少数民族
1.9
0.9
1.9
1.6
宗教
3.7
4.9
3.8
3.8
1.8
1.9
1.9
对外友好
1.8
1.4
1.3
1.3
0.9
0.6
1.1
社会人士
10
10
6.4
5.6
特邀
11.3
12
6.3
6.4
22.3
25
10
12
7.5
30
7.9
解放军
1.9
委员总数
106
144
156
160
229
315
373