续上表
私人
合营
供销合作
其它商业
国营商业
合计
外贸贷款
粮食贷款
年份
贷款
贷款
贷款
企业
商业
1607.90
1200.00
363.60
44.30
1960
911.60
12.90
65.10
1961
1321.80
332.20
132.30
842.40
11.30
1140.80
1962
154.80
556.80
6.50
752.50
81.40
1963
1397.20
69. 10
5.70
172.00
1964
818.40
838.20
54.40
785.20
2098.40
114.60
1965
1144.20
46.80
1476.60
1266.90
141.80
1966
2932.10
1206.60
346.30
2934.50
60.40
1967
1321.20
28. 10
1554.10
3325.80
433.90
1968
1309.70
900. 10
1384.90
26.00
684. 20
2995.20
1969
77.60
988.60
794. 10
1970
1743.40
3603.70
70.40
1069.70
3613.50
2473.40
1971
256.20
2666. 70
1280.50
1972
4203.40
147.60
3393.50
4968. 80
1427.70
1973
3462.20
174.60
1255.40
1974
4892.20
205. 10
1975
4236.80
777.60
5219.50
709. 20
1420.20
6691.70
1976
4562.30
632.90
555.20
7216. 70
5183.40
845.20
1977
824.20
644. 50
7421.50
1375.60
1978
10265.80
691.20
5266.60
1910.30
1979
7868.10
2164.90
9799.90
7635.00
1980
2457.00
2237.00
16470.00
8553.00
2.00
14078.00
43797.00
1981
3464.00
2239.00
19.00
8284.00
13089.00
44064. 00
1982
16969.00
2858.00
7475.00
53.00
20807.00
9402.00
1983
55513.00
14918.00
11549.00
6126.00
5240.00
100.00
28895.00
1984
65942.00
14032.00
6294.00
25746.00
30.00
9249.00
73092.00
13447.00
1985
18326.00
8650.00
61.00
17058.00
23476.00
24981.00
1986
92735.00
18509.00
22829.00
74.00
11812.00
19108.00
19597.00
30901.00
1987
104321.00
15280.00
83.00
24966.00
30099.00
117259.00
21525.00
1988
25306.00
71.00
18124.00
31945.00
27152.00
25809.00
1989
30036.00
133137.00
62.00
39361.00
33950.00
21043.00
24448 .00
30335.00
1990
149199.00