.940·
续上表
年份
药品
医疗器械
中成药
销售总值
化学试剂
玻璃仪器
中药材
896
276
120
1979
1419
39
88
1744
1980
46
13
157
1198
249
81
1981
1699
1099
189
52
12
267
86
15
440
1859
228
1982
2683
62
89
14
1983
3095
2113
287
74
148
471
16SE
77
2512
386
19
174
426
1984
2507
1985
1500
367
89
18
204
341
1654
20
2808
390
105
193
462
1986
4648
2908
808
545
105
21
261
1987
169
31
6382
4050
653
473
1006
1988
4256
228
6808
675
44
381
1224
1989
8229
851
232
43
1990
5140
459
1504
1958~1990年连云港医药站经营品种库存统计表
单位：万元
表19-7
药品
库存总值
中药材
年份
医疗器械
玻璃仪器
中成药
化学试剂
57
61
1958
60
1959
85
13
127
30
1960
83
60
1961
122
38
62
14
1962
95
66
105
12
1963
16
104
68
13
1964
11
1965
127
76
24
14
161
92
1966
34
17
10
164
75
1967
51
21
1968
227
124
59
28
1969
334
229
54
39
1970
241
137
55
34
10
243
1971
140
51
10
26
16
1972
241
143
43
16
31