·1736：
续上表
布情
公用事业
交通邮电
基本建设
财贸金额
其备
农林水
党组织
年份
党委
192
116
1986
33
17
10
支部
6906
682
1545
412
186
2437
69
689
73
139
49
总支
44
1987
287
48
102
13
22
党委
203
116
10
35
支部
740
430
199
7135
1603
2433
732
707
155
76
60
总支
293
49
101
27
47
1988
11
43
党委
211
116
25
10
38
12
7376
支部
793
433
102
751
85
1670
2482
737
172
52
总支
311
57
103
11
49
31
1989
47
党委
221
117
41
25
11
14
支部
7495
846
462
1652
188
2500
764
739
201
88
55
总支
312
56
100
1990
14
49
31
48
党委
25
117
43
11
14
党员队伍民国37年（1948年）11月，赣榆、东海、灌云三县有党员2.3万人，市区仅有
地下党员40余人。至1950年，全市党员29591人，其中，新发展党员为1303人，农村党员占
82%。1951～1954年，在随后全市开展的镇反、“三反”、“五反”运动中，发展工作处于低潮期。
四年发展党员358人。19551956年，在城乡社会主义改造和农业合作化运动中，涌现出一
批积极分子，推动了组织发展工作。两年共发展党员3447人，全市党员总数达39425人。
在1957～1958年“反右斗争期间，接收新党员工作基本停止。1959年，发展工作逐步恢
复。至1960年，两年发展党员2753人。1961~1964年整风、社教期间，发展工作再度停滞。
1965年，市委提出培养革命接班人，全年共接收新党员3387人，全市党员数增至46685人。
“文化大革命”开始后，发展工作停止。1971年整党建党，至1976年6月，共发展党员
17105人，全市党员94593人。1977～1981年，每年发展党员2000～3000人。1982年，强调“积
极慎重”的方针，有计划、有重点地做好发展党员工作，接收新党员的数量有所减少。1983
年，贯彻中央关于加强在知识分子中发展党员的精神，发展数量逐步上升，党员的文化、年
龄、分布结构均有所改善。其中，1987年发展党员4703人，35岁以下的2815人，占60%，36
~45岁的1421人，占30%；高中以上文化程度2561人，占54%；专业技术人员1076人，占
23%。1988年，按照“坚持标准，保证质量，改善结构，慎重发展”的方针，加强宏观控制，全市
共发展党员2155人，其中，先进模范人物628人，占29%；35岁以下的1273人，占59%；高中
以上文化程度的1276人，占59%。至1990年，全市党员共144271人。