连云港市志·农林业
·478·
续上表
粮食
年份
总产
总产
总产
面积
平均亩产
平均亩产
面积
平均亩产
(吨)
(吨)
(万亩)
(公斤）
(吨)
(公斤)
(万亩)
(公斤)
(万亩)
438895
15.9
40.09
1.5
238
90.5
1954
59
36281
743.89
404390
45.52
18.5
91.0
1955
484
41423
53
2.62
763.00
353832
46
7.44
87.0
6472
58.39
66.0
769.20
1956
38537
369454
9451
48.17
31069
53.5
5.31
17.8
64.5
1957
690.57
71.5
7.63
31.64
632.64
452337
1831
88.5
1958
28001
5.89
24.49
81
11.5
75.5
677
551.86
1959
447007
18489
583.10
795
21.48
14.41
3095
71
6.36
12.5
1960
414001
15.34
463385
691.62
646
1961
67
5.39
12.0
61.5
9434
7.5
385
25.88
41.5
5.14
65
396403
10740
1962
609. 85
610.31
366186
9.0
330
24.36
1963
60
3.67
39.0
9500
86.5
4.56
26.5
29.09
60.0
1964
589.72
1208
510107
17454
30.92
541.57
18.0
1431
90.5
7.95
59.0
18242
1965
490121
2679
113.5
22.5
29.68
83.0
1966
11.91
24634
519.24
589337
3252
12.51
32.25
113.5
582629
108
1967
26
34830
513.33
123.5
11.30
35.01
121.0
34.6
3909
1968
508.31
627762
42362
511.71
3394
580791
34.65
64.0
22176
1969
113.5
11.91
28.5
588807
509.79
26.5
3116
115.5
11.76
29.92
95.5
1970
28573
20.5
1971
132.5
2279
34.24
74.5
666236
11.12
502.82
25508
149.5
11.23
25.5
2863
36.4
38766
106.5
1972
496.66
742506
11.88
35.50
179.5
36.0
4276
1973
489.80
132.0
879191
46860
15.26
477.85
24.5
165
788452
36.37
109.0
1974
3738
39643
35.59
136.5
35.0
4483
126.5
1975
12.81
45021
481.54
657302
477 .29
12.87
3867
1976
183
873441
30.05
35.92
69.0
24784
32796
1977
182
12.91
34.89
486.39
885229
37.5
4841
94.0
34.18
12.18
42.5
159.0
1978
478.28
210
5176
54346
1004388
40.27
1979
485.07
240
9.38
38.5
3611
139.5
56176
1164168
247.5
491.33
15.25
66.2
10095
43.39
1980
151.0
65518
1216041
1981
257
18.48
64.0
11827
47.89
491.46
1263052
161.0
77102
62.5
1982
287
21.01
13131
53.72
497.16
1426849
164.0
88100
546.36
22.20
1983
317
225.5
1731961
17094
45.01
101497
第五章土壤改良与肥料施用·479·
续上表
棉花
粮食
年份
总产
总产
总产
面积
平均亩产
面积
面积
平均亩产
平均亩产
(吨)
(公斤)
(吨)
(万亩）
（公斤）
(万亩)
（公斤）
(吨)
(万亩)
52.07
318.5
27. 18
226.5
1984
1807264
72.5
19705
567.43
117938
564.17
64. 76
18644
65.21
28.79
1985
345.9
1951464
241.5
157482
64. 99
255.2
14757
1986
568.62
359.77
2045724
22.36
99
165854
62.12
257.6
336
24.52
69
1987
1919097
16918
160021
571.16
69
22418
59.05
264.0
556.07
32.49
1988
348
1935123
155892
221.0
17891
55.67
336
25.93
69
123030
1989
576.62
1937443
52.37
16649
238
124640
579.31
348
2015998
28.22
59
1990
土壤改良与肥料施用
第五章
第一节土壤改良
一、盐土改良
境内盐土分潮盐土、滨海盐土、潮间盐土三大类，面积178.5万亩（不包括潮间盐土），
主要分布在灌云县（占81.59%）、郊区（占11.55%）、赣榆（占4.25%）和东海县（占
2.61%）的滨海低平原地区。潮盐土土质粘重，结构性差，易涝易早，有机质含量1.5%，含
氮0.11%，速效磷6ppm，速效钾428ppm，地下水矿化度大于2克/升。
建国前，境内农户已开始人力治理盐碱地，但因一家一户分散进行，规模小、效益差。
建国后，市、县人民政府重视盐土改良，从1957年开始，根据“盐分随水而来，随水而
去”的特性，结合旱田改水田，按照排灌分开原则，兴建排灌工程，筑干、支、斗、农渠，挖大、
中、小、腰沟，兴建沟渠控制建筑物，掌握排灌技术，以抗旱排涝洗盐又不板结为原则，分段
灌溉、灌透不漫、速灌速排、沟干渠空。旱地采取起垄种植，水田浅水勤灌，并采取打暗洞
洗盐，轮作绿肥，增施有机肥，改善土壤肥力状况，加速脱盐，防止次生盐渍化。至1990
年，共治理盐碱地94.86万亩。
二、砂黑土改良
境内砂黑土总面积117.3万亩，内有耕地114.3万亩，主要分布在赣榆、东海县湖
洼平原及局部岗岭下坡地。
