第一章生产·667·
塑苦化，生产进人稳产优质时期。1978年，因全国盐业产大于销，准北盐业受到限产。
1984年后，随着制碱工业的发展，国家订出制盐发展政策。1987年，连云港市产盐104.43
万吨，比1984年增产13.06万吨。1988～1990年，连云港市境内盐场共产盐310.66万吨，
平均产量在100万吨以上，虽然1990年遇多雨自然灾害，但年产量仍达到85.4万吨。
民国13～36年（1924～1947年）部分年份连云港市境内各盐场年产量统计表
表13-7
单位吨
年份
合计
板浦场
中正场
涛青场
济南场
(民国)
42906
13
78600
93500
325650
540656
65350
14
32050
81350
246350
425100
15950
74350
52450
220400
363150
15
16
14100
89400
46250
199900
349650
21000
244250
17
93450
48400
407100
348250
20550
51000
18
105500
525300
94500
30400
35000
21450
19
7650
53700
24500
47800
86650
20
212650
413050
83300
116850
168650
21
44250
67550
84000
90200
33250
275000
22
88500
30800
149400
23
121300
390000
127400
44050
200600
306900
678950
53250
32100
105200
135400
325950
25
12700
13050
46900
12600
28
8550
19050
73950
7050
42950
143000
29
245050
9750
62400
80800
92100
30
85950
47050
13450
107500
253950
31
80250
12900
64200
45250
202600
32
14900
89600
235000
72700
57800
33
2600
34
8500
70950
104550
186600
18344
35
49736
36
53859
94789
6640
155542
127
第一章生产·669·
续上表
年份
青口盐场
台北盐场
台南盐场
徐圩盐场
合计
灌西盐场
1980
77288
25 1927
205442
191484
202032
928173
287035
92980
1981
197039
186257
205374
968685
1982
98804
258984
182604
195123
191366
926881
1983
86661
927222
277328
183665
193360
186208
91552
1984
252536
192425
181375
195822
913710
1985
76690
254951
193061
190798
190800
906300
79916
275106
211165
1986
226542
205818
998547
83802
206184
1044277
1987
245233
275215
233843
86290
234603
1988
271393
221825
201930
1016041
92000
1989
339026
268014
279011
258478
1236529
143276
78974
1990
214000
233000
184762
854012
六、质量
唐肃宗时（756～762年），两淮煮盐以青白著名。明代以色、味考核盐质，嘉靖《两淮盐
法志》载：“淮盐之色三，日青、日白、日黄。青、白者，盐之正色也。”又据《天工开物》记载：
淮、扬盐场的盐质重，其他海盐产区盐质轻，淮盐一升重十两，广、浙、长芦盐一升重六七
两。清代，全国盐质以色味而论。光绪年间，两淮盐政继续着力整顿盐色，各场产盐有尖
和碱之分，尖盐内又有真、正、顶、重淋四项之别。两淮各场所产之盐，必须由盐务总局签
发执照，才许装运。
民国前期，化验各场盐斤的盐化钠（今称氯化钠）含量以确定盐质。准北圩盐平均含
盐化钠89.29%，水份6.10%，夹杂物4.61%。民国19年（1930年），国民政府财政部公布
《检查食盐章程》，明确食盐质量标准，盐务署普查盐的质量，凡含氯化钠不到85%者，令
原制盐人改制。民国20年5月，国民政府颁布《盐法》，其第四条规定食盐分二等，含氯化
钠90%以上者为一等盐，水份在5%以下；氯化钠未达85%以上者，不得充作食盐。民国
23年1月，准北运署制定《板（浦）、中（正）、济（南）三场检定食盐细则》和《食盐检定员服
务规则》，加强盐质检验。民国24年12月，国民政府财政部《盐务令训》记载：“中正场所
制之盐，色白质洁，为淮北四场之冠”。民国时期的盐务署对淮北盐区存盐分上、中、次、
红、黑5个标准进行检验，并令场区所产劣盐化卤重制或销毁。民国23~24年，仅济南场
就化黑盐、劣盐3.61万吨。
1950年5月25日，中央财政部批准施行的<检定食盐规则》规定：“精盐之氯化钠含量
应在85%以上，水份含量应在8%以下，不溶物含量应在1.5%以下”。1950年起，准北盐
务局要求“提高质量、保证产量”，在局生产技术科内备有专人负责化验。
1966~1976年，一度忽视质量。平均氯化钠仅有87.27%，一级品率仅占12.9%，大
连云港市志·盐业
672
六、加硒盐
1986年4月，江苏省制盐工业研究所与启东肝癌防治研究所用粉洗盐为原料，采用
亚硒酸钠水式加人，经充分搅拌，试生产220吨加硒盐。中国医学科学院肝癌研究所检测
含亚硒酸钠符合规定标准。1987年开始对肝炎发病区供应加硒盐，至1989年供应
2639.65吨。结果表明，肝癌发病率由食加硒盐前的52.84%下降到33.5%和38.3%，下
降率为40%～60%。该产品填补了国内空白。
1982~1990年连云港市境内盐场加工盐产量统计表
单位：吨
表13-9
加硒盐
低钠盐
精制盐
粉洗盐
加碘盐
年份
36017
13238
1982
23313
1983
90546
20460
1984
125738
175369
26605
29986
61.15
1985
53545
13664
49.30
214. 13
168259
1986
285.39
13149
29260
829.95
73589
1987
3677
133906
95568
293.09
1760.40
1988
98393
147.34
3251.85
7168
153428
1989
319428
156056
131.29
2066.65
1990
第三节盐
春秋时期，农民闲时煮盐，并受官府限制。秦代食盐产制听民自由，滨海农民兼制食
盐者日增。西汉盐的产制，由官府招募游民及被流放的犯人承担煮盐，由官府备煮盐器
具，并发给制盐者工资，煮盐人成为正式职业。东汉至唐初，盐农兼作者居多。唐代中叶，
官府为垄断食盐生产，将近海盐民编为特殊户籍，并设立盐场，专事制盐，盐户称为亭户。
凡籍隶亭户者，免除其它谣役，世代专职盐业，专业盐民出现。
北宋初年（960～976年），朝廷将被判死刑而免死的犯人发配到两准沿海煮盐。此时，
淮北盐区共有亭户825家，灶丁2894人。明代，各种盐户总称灶户。洪武十四年（1381
年），刑部定煎盐徒罪条例，规定将福建、广西的囚犯发配到两淮沿海从事煎盐劳役。嘉靖
年间，两准盐区有灶户27295户，68238丁。
清代，沿用唐朱以来的灶籍制，规定灶丁15～60岁应役。雍正元年（1723年）始，每5
年编审一次灶丁，老者除名，壮者顶补，如有余丁，注册存查。据《嘉庆海州直隶州志》载：
板浦、中正、临兴三场共有灶籍14349户，男女壮丁66932人。
·674·连云港市志·盐业
等中专人才1370人。省公司又投资240万元，在靠近市区的宋兴建教育中心大楼，占
地7.3万平方米，为盐场造就新一代技术工人创造了条件。在职人员还参加电大、职大、
函大以及送大专院校学习深造。1989~1990年有200多人取得大专学历。省公司职工全
员培训率达49.3%，具有中专以上水平的职工由1979年的3.4%上升到1990年的
8.35%。
建国后，市区盐场有2万多人参加工会（包括退休工人在内），有2043人加入中国共
产党，有800多名盐工出身的中、青年成为国家干部，有700名盐工被选为全国、省、市、县
（区）、乡（镇）各级人民代表，有1228人次被评为全国、省、市劳动模范。
1990年连云港市境内五盐场全民所有制职工结构表
单位：人
表13-10
工程技
制盐
化工
管理
服务
其他
总计
单位
工人
术人员
人员
人员
人员
工人
合计
803
298
8782
5918
1034
67
662
834
136
98
青口盐场
1101
28
448
51
189
150
台北盐场
1984
1074
72
1505
台南盐场
954
216
112
:180
39
徐圩盐场
2061
1537
136
134
158
90
灌西盐场
1519
234
164
144
69
2131
运销
第二章
盐斤历代专卖。唐代开元元年（713年）以前尚处于盐法建立时期，变化很大。开元
以后，逐步确定专卖制。宋代行“盐钞法”。明代万历四十五年（1617年）创行“纲法”，由
引岸专商垄断盐业运销。清道光十一年（1831年），两江总督陶澍在准北推行票盐制，废
除引商专卖，实行就场征税，自由贸易。清同治三年（1864年）和五年，曾国藩、李鸿章先
后以整顿两准票法为名，逐步恢复了引商专卖制。民国时期沿用清制。建国后，国家对盐
的生产、分配、调拨均实行统一计划。
盐是局部地区生产、全国需要的大批量、大吨位物资，在运输上采用河运、海运、公路、
铁路等运道，帆船、轮船、汽车、火车等运具运往销区。靠近盐产区的乡村、集镇，建国前和
建国初期，由小商贩采用牲驶、车拉、肩扛等方式搞零星贩运。
淮盐行销湖南、湖北、安徽、江西和江苏、山东、河南、上海、浙江、贵州等省、市、自治
区，计270个县（市），2亿多人口。从1980年开始，淮盐投人国际市场，至1990年共出口
日本、朝鲜等国家和香港地区114.6万余吨，创外汇1187万美元。
