·754·连云港市志·纺织工业
1990年，该企业占地面积6万平方米，建筑面积6万平方米，固定资产原值6881.99
万元，职工1082人。厂内设25个职能管理科室、7个生产、辅助车间。设备主要有年产
1000吨的国产长丝生产线1条、年产3000吨的德国产涤纶长丝高速纺生产线2条及主、
辅设施等。年产综合能力为9000吨。当年生产6997吨，实现产值1.5亿元，利税2149.8
万元，其中利润1574万元。产品主要有涤纶长丝、涤纶低弹丝。该厂为国家中型一类企
业。
1970~1990年连云港市化纤业生产经营情况统计表
表15-1
涤纶树酯
企业固定
维纶纤维/
工业
税金
涤纶长丝
销售收入
利润
年份
切片产量
总产值
资产原值
维纶长丝
产量(吨)
（万元）
（万元）
（万元）
(吨)
产量(吨)
（万元）
（万元）
1970
2.16
1.20
1971
6.10
11.00
1972
252.00
126.80
126.06
- 66.85
1973
169.36
82.68
66.70
~ 20.50
1974
12.98
51.50
41.19
19.80
57.98
1975
88.33
137.94
126.50
- 17.40
1976
100.90
355.01
476.40
140.79
40. 20
429.00
36.90
51.94
592
1977
174. 15
754.30
90.70
724.00
71.40
1978
22.54
817.67
205.39
1012.30
594.00
65,20
58.40
1979
77.74
940.55
183.20
733.00
1203 .20
90.90
66.80
1701.44
30.24
1980
278.15
1482.00
739.00
82.60
69.70
19.92
1981
2544.51
505.77
1807.06
1671.00
167.00
224.70
1982
1615.00
506.00
103.50
1362.80
163. 20
1057.00
1983
1979.80
553.20
144.40
1748.00
1478.00
130.10
2720.85
1984
1254
2375.28
2873.00
4545.40
331.70
300.30
1985
2175.90
1920
2621.30
5730.00
3761.00
632.90
450.00
1986
4086.50
794.30
1695
2852.62
1885.00
128.30
199. 10
1987
302.40
4006
8157.50
5712.28
4978.00
736.50
1988
4981
6289. 77
10902. 20
7218.00
1085.00
380.50
1989
6660
6592.62
14088.50
8918.00
1112.90
398.60
1990
6997
6881.99
10621.00
15041.20
1573.50
576.30
