第五章‧水系‧水文　·153·
连云港市沿海潮位站最高最低潮位统计表
表1-24
单位：米
站名
年最高潮位
年最低潮位
年最低潮位
年最高潮位
日期
日期
日期
日期
潮位
潮位
潮位
潮位
(月·日)
年份
(月·日)
(月·日）
（月·日）
1.5
5.57
- 1.58
1972
2.18
1.5
3.38
0.08
1.14
9.1
4.3
- 1.40
5.68
1973
3.60
7.1
11.28
0.00
5.96
1974
3.84
7.2
- 1.43
4.4
7.2
- 0.14
1.17
8.2
- 1.52
12.1
5.82
0.02
1975
3.45
8.2
1.16
6.5
6.5
- 1.52
10.19
1976
3.78
5.89
- 0.40
10.18
- 1.56
1.16
5.62
7.28
1977
3.60
7.29
0.04
12.29
8.16
11.3
5.70
1978
3.55
1.57
8.16
0.04
12.3
3.99
1.2
1979
2.3
5.98
1.2
2.2
- 1.62
- 0.30
- 1.69
5.66
- 0.42
7.18
12. 14
7.19
1980
3.51
9.18
12.6
11.19
6.10
9.1
- 1.58
9.1
1981
4.28
- 0.14
1.11
5.76
1982
4.20
- 1.75
10.2
1.11
- 0.26
12.18
9.27
5.66
7.31
- 0.12
- 1.61
12.23
4.16
1983
3.63
7.31
5.82
1984
4.22
8.1
1.88
2.18
- 0.20
2.18
6.20
12.2
8.20
- 0.08
8.20
- 1.66
1.11
1985
4.03
5.54
~ 0.16
1986
6.23
12.4
11.26
- 2.31
1987
3.62
2.15
5.84
9.11
- 0.44
2.28
- 1.76
2.3
2.18
3.59
8.28
5.77
7.30
~ 0.23
1988
- 1.98
- 0.20
10.17
2.10
5.92
9.16
3.84
9.17
1989
- 1.50
8.21
5.26
1990
4.09
注：此表基面未统一，用时请换算。
