第三章
公用事业
·311 3
1983~1990年连云港市节约用水情况表
表5-9
1987
1989
1990
1983
1984
1985
1986
1988
计划户节计量
2812.5
1723
2398
1779
1358
1305
1543
计划户计划取水量
1511
万吨)／年
2253
2302
1309
1549
2018
1014
1063
1121
计划户实际取水量
526
295
184
234
174
380
水量
573
497
节水
投人使用节水器
660
器材
具数（件/套）
94526
139125
188196
196444
110528
138156
156776
207770
工业总产值（万元）
万元产值取水量
工业取水量
2735.2
2301
2564.5
2778.4
1762
2010
2460.3
1634
（万吨/年）
万元产值取水量
165
150
136
134
172
138
159
145
（吨/万元）
节水设施项目(项)
20
11.5
14.5
11.5
3.4
10.4
节水设施投资
节水设施建设
(万元）
自筹
7.5
6.5
3.4
10.4
11
节水办补
0.5
助或贷款
形成节水能力
0.16
0.06
0.11
0.1
0.09
0.33
0.8
（元/吨日）
节水设施单位投资
34
33
71
150
35
48
94
（元/吨日）
工业用水量
4061
4085.3
4314.5
5199.4
2731
3197
2723
2303
工业用水重复
（万吨/年）
利用率
工业重复利用水量
2421
1595
1750
1926
674
1187
1422
969
（万吨/年）
工业用水重复利用率
40.5
41.3
47
38.2
39.3
35
37
29
(%)
工业计划户实际取水量
1490.3
1770.2
1835.4
1240
1364.7
工业计划
用水率
（万吨/年）
全市工业计划用水率
66
56
58
65
54
(%)
