连云港市志·经济综合管理
458·
续上表
1985
1986
1987
1988
1989
1990
1983
1984
117.6
111.0
112.2
120.5
131.8
100.9
肉禽蛋
101.4
104.2
126.1
105.5
水产品
106.1
130.7
164.4
131.5
109.0
107.3
110.5
100.4
111.2
调味品
100.0
100.0
103.4
106.3
120.1
食糖
100.0
100.0
100.0
100.0
127.4
118.3
108.1
100.0
100.7
104.2
112.8
99.1
99.7
100.8
126.4
99.5
(3)烟酒类
133.4
100.0
100.0
100.0
100.0
100.0
111.7
98.1
109.8
112.3
100.0
99.8
102.1
102.1
117.6
100.5
100.0
92.3
134.3
87.2
100.0
100.0
111.9
113.2
114.4
100.0
100.5
116.5
110.2
109.1
128.1
100.1
(4)其它食品
96.4
115.9
112.2
鲜果
100.0
100.5
139.6
116.3
139.2
干果
97.0
105.1
120.4
121.9
110.0
112.4
129.4
93.9
糖果
100.0
100.0
100.0
100.0
100.0
114.9
118.1
103.8
糕点
100.0
100.0
103.2
103.4
101.0
123.6
120.4
106.7
奶及奶制品
103.6
100.6
100.0
104.2
105.8
104.8
127.7
106.6
100.6
100.0
104.3
102.0
102.8
118.4
104.6
99.1
饮料类
112.8
105.5
2、衣着类
100.3
100.5
100.0
133.3
109.0
98.2
100.1
115.3
(1)棉布
100.8
100.0
100.0
100.0
128.9
120.7
124. 1
139.8
97.5
85.5
100.0
100.0
100.0
100.0
169.3
(2)棉花化纤混纺布
116.9
(3)化纤布
80.3
99.4
100.0
100.0
100.0
149.1
103.0
106.0
100.0
(4)呢绒
99.4
100.0
100.0
130.4
112.7
120.0
108.9
100.0
(5)绸缎
100.0
105.5
141.6
100.0
107.5
113.1
112.8
106.6
98.6
130.9
(6)针纺织品
100.0
100.8
104.7
126.8
106.3
(7)服装
87.7
93.3
100.0
100.0
106.6
127.8
137.7
109,.1
(8)鞋
100.0
100.0
96.6
100.0
102.4
114.6
115.2
112.2
(9)其它衣着
101.0
100.6
104.4
104.2
105.7
125.8
133.5
106.8
3、日用品类
99.5
97.5
100.7
102.7
104.6
112.6
118.3
101.5
(1)一般日用品
100.3
102.1
100.4
105.3
125.2
100.2
128.2
110.4
(2)日用机电消费品
98.4
95.0
100.0
104.3
104.7
100.0
118.8
94.8
(3)家具
100.0
100.0
100.0
116.0
100.0
112.3
111.3
107.3
(4)日用杂品
100.0
100.0
100.0
100.0
100.4
131.9
132.8
123.8
99.5
100.0
101.1
100.1
100.4
4、文化娱乐用品类
120.4
92.6
123.8
物价管理·459·
第六章
续上表
1985
1983
1984
1986
1987
1990
1988
1989
100.0
(1)纸张文具
100.5
122.1
100.0
100.0
106.5
103.4
132.9
(2)文娱用机电消费品
99.7
100.0
100.0
100.1
123.2
124.0
101.2
91.1
95.5
(3)其它文娱用品
100.0
100.5
101.3
119.4
101.0
111.3
104.9
100.0
5、书报杂志类
105.2
155.6
119.8
138.5
138.0
108.4
105.2
100.8
101.4
123.0
127.5
6、药及医疗用品类
101.5
101.3
101.4
100.6
(1)中药
102.7
98.2
100.2
141.4
126.5
101.2
93.7
101.1
100.4
101.5
107.1
(2)西药及医疗用品
102.6
128.0
116.6
107.9
119.2
131.3
7、建筑装璜材料类
105.1
8、燃料类
100.0
100.0
100.0
122.1
114.5
100.0
100.0
126.9
100.0
105.8
二、服务项目价格指数
119.2
121.9
103.4
102.3
102.1
115.0
1、房租
100.0
100.0
100.0
100.0
100.0
100.0
100.6
100.0
100.0
100.0
100.0
102.2
2、水电费
100.0
100.0
100.0
100.0
3、交通费
100.0
100.0
100.0
100.0
122.4
114.0
100.0
133.5
100.0
4、邮电费
100.0
100.0
100.0
104.9
109.9
126.0
139.7
126.6
100.0
100.0
100.0
100.0
114.3
100.0
5、医疗保健费
176.9
100.0
100.0
100.0
100.0
103.7
177.5
6、学杂保育费
131.2
109.3
100.0
120.7
100.0
121.2
111.3
104.3
160.9
106.2
7、文娱费
100.0
100.0
107.4
108.1
104.9
134.3
8、修理及其它服务费
119.7
117.0
注：以上年度为100。
