连云港市志·人口
:254:
续上表
年份
市区
总人口
赣榆县
东海县
灌云县
1964
200.33
26.50
59.33
56.10
58.40
60.10
1965
203.93
27.23
56.90
59.70
1966
209.95
27.94
61.74
58.60
61.67
63.35
1967
215.05
28.56
61.84
61.30
65.40
1968
221.52
29.19
63.43
63.50
230.89
30.06
67.60
64.10
69.13
1969
1970
240.02
30.22
69.77
67.50
72.53
71.74
1971
248.51
31.29
70.80
74.68
252.56
72.30
75.49
1972
32.08
72.69
1973
32.46
73.23
76.23
255.32
73.40
1974
258.78
33.12
73.92
74.76
76.98
1975
263.65
34.08
75.35
76.20
78.02
1976
267.21
34.61
75.92
77.50
79.18
1977
271.56
35.07
77.08
78.70
80.61
1978
274.54
35.91
77.38
79.70
81.55
1979
36.73
275.50
77.68
80.40
80.69
1980
77.93
81.61
278.64
37.70
81.40
78.90
1981
283.86
38.96
83.00
83.00
1982
40.05
84.80
84.62
289.63
80.16
1983
292.45
81.02
82.26
43.29
85.88
1984
296.25
44.62
81.75
86.84
83.04
1985
300.63
45.94
83.69
82.87
88.13
1986
89.39
305.27
47.18
84.07
84.63
1987
311.72
48.53
85.78
91.33
86.08
1988
317.76
49.91
87.49
87.52
92.84
50.85
1989
325.04
89.63
95.09
89.47
1990
340.26
52.14
95.10
100.19
92.83
人口变动
第二节
一、自然变动
建国后，新海连市始有人口自然变动的记载。1949年10月至1958年，因经济发展，
生活安定，以及旧生育观念的影响，人口出生率很高，10年的年平均出生率为35.4%o，共
出生人口59.2万；人口死亡率由13.41%降至9.37%o，10年中死亡人口共17.83万。净增
人口41.37万，形成建国后全市第一次人口出生高峰期。
第一章
人口规模·255·
1959~1961年，全市出生率下降，死亡率上升；年平均出生率为21.92%o，年平均死亡
率为12%以上，形成建国后全市第一次人口出生低谷期。
1962年，全市人口出生率回升至31.5%o，1963年升至45.51%o。1964年中共中央和国
务院发出关于“认真提倡计划生育”的指示，但受到“文化大革命”的干扰。从1962年开始
的高出生率一直延续到1971年，年平均出生率为35.99%o；人口死亡率逐年下降，从
10.77%c降到7.37%o，10年中共出生人口77.55万，死亡17.01万，净增60.54万，形成建国
后全市第二次人口出生高峰期。
1971年后，在“实行计划生育，控制人口增长”的方针指导下，连云港市开展计划生育
工作，将人口增长计划列人全市国民经济、社会发展总体规划。自此，人口生育进人计划
控制阶段，人口出生率逐年下降。1979年开始提倡-对夫妇生育一个孩子。1980年，全
面推行一对夫妇生育一个孩子的生育政策，当年人口出生率即降到13.82%o，人口急剧增
长的势头开始得到控制，10年中共出生人口53.29万，死亡人口15.85万，净增人口37.44
万。
1980年，新婚姻法颁布，有4个年龄组的男女青年（男22～25岁，女20～23岁）同时
进人婚龄，结婚、生育人数增加，加之提倡晚婚的工作有所放松，超计划生育时有出现，人
口出生率回升。1981年、1982年分别升至20.3%c和20.75%o，自然增长率降到15%左右和
10%左右。
1986年后，在第二次人口出生高峰期中出生的人口已相继进人结婚、生育期，育龄人
数大量增加，计划生育工作因多种原因未能落实，计划外生育特别是农村中的计划外生育
增多，人口出生率回升，1990年，人口出生率为21.39%o，死亡率为4.89%o，自然增长率为
16.5%o。10年中（1981~1990年）共出生人口55.46万，死亡人口14.86万，净增人口40.6
万。
以1970年人口自然增长水平推算，1971～1990年的20年中，全市累计避免出生
97.60万人。
1949~1990年连云港市人口自然变动情况表
表4-3
自然增长
年份
出生人数
出生率
死亡人数
自然增长
自然增长
死亡率
(人)
(%0)
(人)
(%0)
人数(人)
率(%0)
1949
30.80
43265
13.41
24422
18843
17.39
1950
45761
11.95
28690
32.03
17071
20.08
24.85
24698
1951
36349
11651
7.97
16.86
1952
35602
48873
32.76
13271
8.89
23.87
33.30
1953
50968
10.10
23.20
15457
35511
1954
22316
80435
44.98
12.48
58119
32.50
1955
39.33
10.61
51991
71152
19161
28.72
连云港市志·人口
256·
续上表
自然增长
年份
出生人数
出生率
死亡人数
死亡率
自然增长
自然增长
(人)
(%0)
(人)
(%0)
人数(人)
率(%o)
1956
93186
41.67
66816
35.60
26370
14.07
1957
67579
34.69
16492
51087
8.47
26.22
54449
1958
28.81
17691
9.37
36758
19.44
25.57
1959
46431
23068
23363
12.73
12.84
1960
42890
23.24
25419
13.78
9.48
17471
17.35
1961
32184
23682
8502
12.77
4.58
58806
20137
1962
31.50
10.77
38669
20.73
1963
45.51
87513
70034
17479
9.10
36.41
19495
70733
1964
35.65
9.83
51238
25.82
70456
1965
34.88
9.35
18920
51536
25.53
1966
79651
38.51
18134
8.75
61517
29.76
78773
1967
37.08
6.82
14492
64281
30.26
82082
37.61
1968
6.55
14342
67740
31.06
1969
84198
37.22
13927
6.14
70271
31.08
1970
86093
36.57
15267
6.50
30.07
70826
1971
77222
31.60
17935
7.37
59287
24.23
1972
59503
16898
23.75
6.75
42605
17.00
1973
53624
21.11
15164
5.99
38460
15.12
1974
20.07
51632
15570
6.07
36062
14.10
61023
23.35
1975
5.97
15641
45382
17.38
1976
53997
20.34
16558
6.25
37439
14.09
1977
53239
19.75
17006
6.31
13.44
36233
1978
45120
16.52
15300
5.60
29820
10.92
1979
39297
14.29
14251
5.20
25046
9.09
1980
38261
13.82
14169
24092
8.69
5.13
1981
57074
20.30
14819
5.26
42255
15.04
1982
59519
20.75
14386
5.02
45133
15.73
1983
15.29
44540
15067
5.19
29473
10.10
1984
36567
4.82
12.43
14235
22332
7.61
1985
46573
15.61
14815
4.96
31758
10.65
46996
1986
15.51
14504
4.79
32492
10.72
1987
62411
20.23
14149
4.57
48262
15.66
1988
20.46
64411
15588
4.96
48823
15.50
1989
20.32
65314
14785
4.60
15.72
50529
1990
71153
21.39
16279
4.89
54874
16.50
