第二章运销·685·
1949~1990年淮北盐区原盐销量统计表
表13-14
单位：万吨
食盐
储备盐
合计
年份
出口盐
农用盐
工业盐
渔用盐
42. 19
41.64
0.55
1949
46.01
46.36
0.35
1950
0.59
43.76
1951
42.23
0.94
54.15
1952
55.87
0.17
1.55
72.76
70.49
0.53
1.74
1953
0.73
2.84
70.45
1954
66.88
65.39
0.03
2.65
0.28
68.35
1955
79.80
2.35
86.47
1.31
3.01
1956
8.27
82.38
69.88
1.26
2.97
1957
3.07
96.17
8.83
1.29
82.98
1958
9.17
6.97
97.38
11.53
1959
125.05
5.31
90.09
1960
9.85
8.68
113.93
0.82
97.41
3.44
2.61
1961
104.28
5.38
97.83
0.81
2.98
1962
107.00
50.76
43.38
3.00
1.09
3.29
1963
1.06
48.63
1.73
3.17
54.59
1964
3.20
61.79
2.53
1.12
68.64
1965
3.49
5.12
75.30
2.85
86.76
1966
3.60
2.17
3.41
56.45
65.63
1967
68.57
3.32
63.00
0.47
1.78
1968
4.78
63.45
4.45
1.20
73.88
1969
21.73
4.34
5.69
96.67
1970
128.43
2.57
7.01
26.24
82. 49
118.31
1971
3.97
2.91
3.24
88.41
28.60
1972
127.13
15.31
3.91
0.05
72.31
51.18
1.86
1973
5.52
22.71
99.70
69.77
1.70
1974
5.49
79.65
2.26
30.98
1975
118.38
6.11
38.92
79. 72
2.65
1976
127.40
3.56
6.41
46.01
90.79
1977
146.77
27.47
41.54
5.59
162.63
84. 13
3.90
1978
1.70
88.06
2.99
51.97
4.16
148.88
1979
·686·连云港市志·盐业
续上表
工业盐
农用盐
渔用盐
储备盐
出口盐
年份
合计
食盐
2.54
162.34
77.29
62.75
4.61
1.44
13.71
1980
2.17
3.25
8.16
73.46
66.44
12.60
1981
166.08
68.35
2.95
79.62
12.42
164.30
0.96
1982
0.71
2.03
182.62
75.00
89.39
14.62
1983
0.87
0.51
1984
183.33
72.74
91.80
0.43
2.24
15.61
77.28
98.94
0.91
193.53
0.33
1985
16.07
0.86
9.94
209.78
84.53
0.16
1986
114.29
0.11
0.24
83.48
1987
205. 82
112.68
9.31
118.39
82.67
4.92
3.60
2.06
1988
211.64
4.00
85.55
6861
124. 00
2.47
1.25
217.27
240.67
1990
72.30
137.00
21.00
6.16
4.21
四、专用盐
储备盐储备盐，又叫移储盐、战备盐，古称常平盐。汉宣帝时于边境筑仓，名谓常平
仓。唐代盐铁使刘晏仿照“贮粮于常平仓”的办法，创立常平盐制度，即由官府调运部分盐
到边境荒僻地方贮存，一旦商人囤积居奇，哄抬盐价时，即开仓平价供应市场。宋、元时期
淮北盐场在新浦、链水各交通要道设置盐仓，贮盐50~100万担。元至元二十一年（1284
年)在淮安（管辖海州)府设局负责接储和管理常平盐工作。民国25年(1936年)国民政府
在准北盐场轮运常平盐600余万担分别移储扬子四岸。民国36年，办运常平盐82.77万
担，其中本销36.1万担，代办外销46.67.万担。
1953～1959年，国家核定江苏省收购淮北储备盐（常平盐）50.29万吨，储存产区
32.29万吨，其中猴嘴坨15.6万吨、徐圩坨3.69万吨、燕尾坨2.04万吨、陈港坨10.92万
吨。移储在销区18万吨。1964年贯彻备战备荒为人民”的方针，国家拨款办运战备盐，
按照“统一管理，分级负责”的原则，由轻工业部归口，中国盐业公司负责管理。江苏省盐
业公司于1964年开始调查摸底，选址定点，1965年由准北盐场调拨，各盐业批发站具体接
储。到1983年共有移储盐14.78万吨，分别移储29个县、市，44个点，92条（库）。其中
城镇储点20个，乡村储点24个。县城以下储存11.84万吨，占全部存盐的80.11%；露天
储存占94%，仓库储存占6%。到1990年底尚有移储盐14.3万吨。
加碘盐准北供应加碘盐，从1982年开始。江苏省内有10个县（市)210个乡镇发现
有甲状腺病,病区总人口数620万人，甲状腺肿病人有18万人。为病区供应加碘盐的人
口有550万人。淮北盐场除供应江苏省甲状腺肿病区外，还为山东、安徽、贵州、湖南等省
加工加碘盐。历年所产加碘盐全部销馨。
出口盐民国8年（1919年）,北洋政府特许准盐接济日本100万担，由盐务署与日本
