连云港市志·经济综情
378·
元，国内生产总值501403万元，工农业总产值559131万元。
1949~1990年连云港市工农业总产值及构成表
表7-1
工农业产值（万元）
成（%)
年份
总产值
工业总产值
工业总产值
农业总产值
农业总产值
4801
18436
26.0
1949
13635
74.0
26.1
17976
4697
1950
73.9
13279
24514
1951
8064
16450
32.9
67.1
28592
7927
1952
20665
27.7
72.3
24897
1953
7838
68.5
17059
31.5
32431
7698
1954
24733
23.7
76.3
38512
1955
14214
24298
36.9
63.1
1956
31242
22533
27.9
8709
72.1
35989
12306
34.2
1957
23683
65.8
44975
26960
40.1
1958
18015
59.9
26122
1959
54291
28169
51.9
48.1
50760
23063
1960
54.6
27697
45.4
1961
41820
22545
46.1
19275
53.9
42210
19727
1962
22483
46.7
53.3
1963
16608
10504
33.9
20487
66.1
39487
1964
11396
28091
28.9
71.1
53306
23443
1965
29863
44.0
56.0
62132
35004
1966
27128
43.7
56.3
58031
1967
23333
34698
40.2
59.8
1968
16141
36149
52290
30.9
69.1
1969
44904
10620
34284
23.7
76.3
1970
61379
25724
35655
41.9
58.1
1971
73241
34183
46.7
39058
53.3
1972
78775
36561
42214
46.4
53.6
1973
92886
41054
44.2
51832
55.8
1974
89748
46575
43173
51.9
48.1
1975
100174
51031
49143
50.9
49.1
1976
102455
53614
48841
52.3
47.7
1977
69223
119577
50354
57.9
42.1
1978
145855
86292
59563
59.2
40.8
第一章
经济发展概况
.379:
续上表
成（%)
工农业产值（万元）
年份
总产值
工业总产值
农业总产值
工业总产值
农业总产值
157988
1979
43.5
89290
68698
56.5
57.9
75968
1980
104290
42.1
180258
82277
57.9
42.1
1981
195603
113326
93464
58.1
41.9
1982
222801
129337
145612
41.3
248089
102477
58.7
1983
170615
127758
48.8
51.2
1984
298373
391826
61.3
38.7
1985
240085
151741
171413
62.7
37.3
1986
459534
288121
359289
179446
66.7
33.3
1987
538735
69.3
30.7
401088
177644
1988
578732
1989
167626
68.1
31.9
357021
524647
559131
70.0
30.0
388952
170179
1990
注：1.工农业总产值按1980年不变价计算。
2.构成以工农业总产值为100。
3.1983年以后数据包括赣榆、东海、灌云三县。
1978~1990年部分年份连云港市社会总产值、
国民收入及国内生产总值完成情况表
表7 - 2
1987
单位
1985
项目
1983
1986
1988
1989
1990
1978
1980
1018492
1102926
万元
633594
739229
919598
177451
216268
328755
534510
一、社会总产值
万元
384556
435918
453909
246920
295237
其中;市区
87575
97107
130410
216783
103894
万元
293301
315199
366287
399781
430093
166829
246046
86273
二、国民收人
万元
106990
131579
146225
149504
57042
87754
100715
其中市区
36003
39566
81839
万元
31516
73147
97447
107293
105521
34753
42348
643.7
T业
26.0
26.6
26.8
24.5
26.1
24.9
36.5
33.5
25.4
(比重)
50754
157698
180989
204142
226605
农业
万元
89239
123905
149258
39988
52.7
50.0
51.1
(比重)
48.9
53.5
50.4
50.9
49.4
46.4
22890
20904
22253
23973
万元
3755
4545
10780
16482
.21428
建筑业
5.2
5.2
6.5
6.7
7.3
7.6
6.2
(比重)
4.4
4.4
15251
商业
万元
27903
37900
40926
45448
8902
20298
24185
6985
10.2
10.6
8.6
9.1
8.2
8.2
8.9
10.3
8.1
（比重)
万元
186512
415100
448375
501403
三、国内生产总值
325888
357424
96003
115206
275332
其中：市区
162511
187046
万元
39531
122409
135747
179886
43997
67478
106854
注：按统计口径。
