续上表
站年
灾害
发生
年量
最大
发生
年雨量
百期
日期
10
12
性质
（月·日）
（月·日）
日雨量
高水位
28.2
29.4
1966
18.2
78.8
117.6
243.4
13.2
10.7
60.8
47.9
17.2
27.7
693.1
91.5
7.21
1978
37.9
0.6
32.3
38.9
7.80
11.3
76.8
169.7
80.7
76.0
30.4
12.8
575.2
69.0
10.26
1981
71.2
115.5
88.3
22.1
35.2
17.5
9.4
27.9
110.1
138.8
35.9
3.2
675.1
69.2
9.23
9.3
8.7
65.0
1988
19.6
111.0
64.2
170.3
141.1
34.5
26.3
5.7
655.7
66.4
8.16
111.5
261.5
1970
1.40
46.7
3.1
71.1
12.9
185.1
179.7
38.3
6.5
6.2
926.0
111.3
8.25
215.2
1971
50.7
32.8
31.0
27.3
28.0
321.8
159.1
416.8
2.5
11.0
12.4
1308.6
124.8
9.24
1972
32.3
15.6
61.3
67.8
61.7
90.8
425.2
169.6
76.2
60.4
64.5
7.0
133.5
1132.4
7.2
36.5
36.3
513.6
43.0
145.3
113.4
41.1
1974
248.7
39.8
33.3
15.5
61.6
1289.4
115.3
8.12
352.6
76.6
50.2
51.2
343.6
31.5
81.8
126.7
72.2
103.2
1990
0.9
29.7
14.1
1230.7
8.6
55.5
4.6
15.2
71.1
43.8
57.7
19.9
7.5
1966
209.4
43.8
16.2
26.9
571.9
41.8
7.24
1978
29.4
32.7
2.0
14.4
74.4
104.1
66.7
160.0
54.7
535.9
34.2
20.5
9.5
7.1
176.2
14.6
22.8
21.2
1.5
18.0
139.2
97.1
36.8
1981
63.1
24.7
5.9
621.1
58.1
6.9
29.6
12.0
4.2
11.6
66.0
第五章
1988
49.4
140.1
109.7
42.4
22.0
497.0
44.2
10.0
8.25
38.4
5.2
0.2
20.1
54.3
272.8
1960
220.1
134.8
242.4
14.2
52.3
65
1061.3
0.2
8.7
2.1
29.4
30.9
1962
130.2
305.3
247.4
148.6
61.6
62.9
19.6
1046.9
水系
1963
7.5
40.3
380
97.1
43.6
9.9
420.0
123.0
25.6
5.2
810.2
129.7
0.7
40.8
2.5
72.2
57.6
253.2
1970
689.2
92.6
38.6
6.5
8.3
1391.9
122.5
7.22
水文
415.3
42.3
1971
33.0
23.0
29.9
14.7
295.2
102.0
212.3
3.7
1.0
10.7
1183.1
93.4
9.24
1972
28.5
10.2
49.0
32.3
79.4
370.5
43.6
204.5
59.8
66.3
71.6
4.2
1019.9
175.8
7.2
1974
3.4
16.7
36.0
80.0
97.7
41.4
63.7
34.5
416.0
623.2
14.6
55.1
1482.3
156.8
8.1
147
202.1
22.4
200.8
1990
34.2
55.8
46.4
143.9
121.8
65.3
246.5
504.5
1455.5
12.6
8.4
续上表
站年
灾害
年量
发生
最大
发生
148
年雨量
日期
日期
性质
10
11
12
（月·日）
高水位
日雨量
(月·日)
1966
12.8
5.4
17.5
24.4
29.8
29.2
265.0
37.2
74.8
24.8
1.3
19.5
541.7
64.4
7.6
22.54
7.26
连云港市志·自然环境
135.7
60.4
1978
22.3
0.7
251.3
33.3
19.7
71.5
51.7
17.3
19.7
9.6
8.20
632.8
22.83
8.24
165.4
1981
138.5
13.0
25.3
22.8
1.9
23.8
68.1
29.3
65.7
22.0
2.6
57.4
6.24
3.5
578.4
20.90
2.6
1988
174.2
5.5
41.0
17.7
67.9
28.1
83.3
38.5
22.8
13.2
38.4
7.12
23.49
1.17
494.8
264.2
286.0
6.4
7.0
(978.1)
1960
190.5
176.5
47.5
9.0
154.7
1.1
2.3
29.4
12.2
129.7
145.6
162.6
70.6
70.7
19.5
807.4
1962
107.7
169.4
1963
41.0
38.5
2.8
464.9
33.1
7.1
3.2
876.3
8.6
24.70
141.7
0.9
36.8
81.4
7.1
7.22
10.27
1970
44.2
575.9
67.5
207.1
30.9
1201.5
113.8
1.1
6.9
23.1
111.5
1971
32.7
33.2
277.2
309.9
4.1
0.3
978.9
69.0
8.21
25.42
8.29
25.6
20.0
131.3
10.0
12.6
237.8
7.2
1972
24.9
24.5
51.1
4.6
85.1
25. 14
8.27
45.8
74.8
38.1
190.0
58.1
67.5
829.8
14.5
99.5
8.1
22.7
388.5
26.82
8.15
1974
4.0
49.2
85.7
49.4
594.9
57.5
30.0
53.8
1449.7
159.1
297.9
30.9
52.2
81.4
1990
34.7
122.6
195.6
430.8
122.9
24.1
12.2
1405.3
148.5
7.17
4.9
196.9
2.8
36.6
74.5
23.7
47.2
10.4
39.6
7.25
31.15
3.15
1966
13.5
51.9
32.6
20.9
515.9
1978
19.4
0.5
9.15
27.1
32.3
20.0
76.6
195.3
228.7
37.5
35.3
5.8
126.4
7.1
28.21
678.5
2.0
7.1
62.9
4.1
49.9
6.9
28.52
3.11
10.4
20.0
27.9
127.5
171.3
77.3
17.9
18.9
547.3
1981
201.3
497.2
7.0
3.3
29.0
7.8
62.5
25.3
75 :4
47.7
25.5
12.4
71.1
7.14
29.36
1988
4.10
126.4
1960
4.5
405.2
245.8
47.0
20.0
25.0
8.0
39.6
1.2
1134.8
212.1
1962
0.1
10.5
1.6
28.8
10.4
132.7
200.3
194.1
59.1
22.1
910.9
184.4
66.8
18.8
1963
46.0
32.2
76.1
17.9
412.6
159.2
6.5
4.8
6.5
781.6
9.21
1970
1.7
82.3
5.6
122.5
7.22
32.87
35.9
44.1
148.0
604.5
96.6
234.4
52.1
8.1
1316.8
3.5
8.29
32.95
1971
171.8
8.9
29.5
26.0
32.4
31.9
8.3
372.9
122.9
2.1
0.7
10.3
1205.6
106.0
396.8
7.2
31.85
1972
14.4
260.8
3.25
2.0
85.6
23.5
7.1
41.2
76.5
23.5
178.9
96.9
32.8
76.8
834.4
61.2
51.6
8.14
12.7
45.3
435.8
168.0
1974
122.3
48.3
33.0
40.9
8.1
34.00
3.6
654.6
14.6
1523.9
8.4
168.2
1990
131.6
12.3
50.5
36.1
77.9
130.4
229.6
436.3
24.4
1331.1
148.1
33.8
续上表
灾害
发生
年量
最大
发生
百期
年雨量
日期
10
11
12
性质
日雨量
（月·日）
高水位
（月·日）
289.7
25.4
53.6
1966
9.6
16.3
96.5
20.5
17.8
17.5
19.3
18.8
31.0
616.0
66.3
7.21
16.01
3.18
66.2
56.6
90.2
21.3
18.5
30.6
2.9
67.8
1978
178.3
26.6
7.1
566.1
7.8
8.16
1981
12.8
24.9
16.8
6.0
20.5
132.3
98.8
75.5
79.9
65.0
38.6
2.8
573.9
72.6
9.23
14.53
1.1
72.0
136.5
55.4
14.7
33.4
144.3
90.9
36.5
30.8
1988
4.4
1.4
8.2
556.5
5.6
16.35
1.27
16.5
1311.7
62.1
21.9
45.2
175.7
181.3
600.7
118.9
13.0
68.8
1960
7.6
24.2
14.2
200.4
186.5
5.0
3.8
228.8
222.0
69.9
72.5
8.6
1962
1040.9
1055.4
1963
55.9
40.0
4.8
54.1
8.0
7.9
178.2
441.5
259.2
5.8
1970
115.9
522.2
60.3
255.9
30.8
(999.1)
6.2
7.8
9.15
94.0
17.36
7.31
58.7
(33.3)
12.8
367.4
85.5
304.2
169.8
11.5
1971
33.5
18.9
(1095.6)
90.9
9.24
1.21
16.87
251.9
62.0
53.5
31.7
75.4
109.5
95.6
52.9
79.5
(783.4)
1972
7.5
(5.1)
33.4
15.96
126.6
487.6
48.3
1974
26.6
36.8
104.4
54.9
28.4
16.3
57.0
1430.7
192.6
4.0
8.12
17.72
8.14
170.5
29.6
136.7
96.2
52.7
42.6
56.1
80.8
29.8
415.1
1990
1118.9
106.8
8.3
8.8
6.5
17.3
76.0
21.7
19.8
55.7
209.1
45.2
1.8
37.5
11.0
15.1
1966
516.7
49.2
23.81
7.22
7.6
0.1
22.9
1.6
20.7
65.0
54.5
17.2
33.1
183.3
230.1
20.6
6.5
1978
655.6
111.6
25.12
7.1
8.12
65.1
9.1
2.5
23.3
9.0
17.7
120.1
136.5
83.5
36.1
23.1
2.8
528.8
51.6
6.24
22.54
7.16
1981
67.4
217.7
3.6
2.1
34.9
11.0
23.6
97.1
39.5
22.2
1988
14.9
534.0
50.4
7.12
24.61
7.17
114.2
173.7
162.6
9.0
1.6
35.9
21.1
115.8
60.1
86.2
18.9
799.1
1962
五章
120.2
54.5
30.2
0.1
7.9
10.1
6.4
514.3
160.1
32.6
936.4
1963
133.2
561.2
0.6
40.9
1.5
75.7
35.9
79.5
52.5
1970
245.6
7.3
7.8
1241.7
171.2
7.22
25.25
7.23
188.7
水系
34.6
38.7
10.5
3.7
2.1
0.5
1971
28.7
34.6
332.2
120.6
12.0
1177.3
123.8
7.21
25.71
8.30
56.7
25.25
1972
27.2
10.0
45.0
28.7
112.3
30.5
262.3
185.1
53.1
49.4
864.2
82.9
8.24
3.9
8.27
2.5
18.2
102.5
91.5
85.6
372.2
526.1
28.6
8.15
1974
47.5
11.0
48.5
1371.2
162.7
7.31
27.21
37.0
水文
1990
25.5
53.6
32.2
76.5
113.2
203.2
263.5
404.9
131.5
26.4
104.5
7.17
9.8
1340.3
0.1
18.5
33.6
33.5
49.9
49.8
23.5
1978
106.6
162.1
24.5
10.0
514.1
1.7
东海牛山
1981
14.1
15.0
21.2
22.9
172.7
112.0
138.9
60.9
67.1
34.7
6.24
4.2
2.0
665.7
86.7
107.2
0.6
31.9
235.1
40.7
35.9
1988
48.7
18.6
138.4
13.5
677.1
70.7
5.6
6.5
149
1990
洪涝
32.3
61.5
38.1
77.8
96.1
129.4
410.9
35.9
0.9
177.6
977.9
128.7
7.14
12.2
31.5
