·262·连云港市志·人口
续上表
按性别分
（以总人口为100)
年末总人口
年份
（万人）
性别比
男(万人)
女(万人)
(以女性为100)
102.76
50.70
274.54
139.14
49.30
1978
135.40
275.50
50.50
49.50
136.28
102. 16
139.22
1979
49.40
1980
50.60
278.64
140.91
137.73
102.31
140.39
102.19
50.50
143.47
49.50
1981
283.86
49.30
142.80
102.82
50.70
289.63
1982
146.83
50.90
49.10
1983
292.45
148.78
143.67
103.56
151,29
51.10
296.25
144.96
104.37
48.90
1984
51.30
154.06
146.57
105.11
48.70
1985
300.63
305.27
156.69
51.30
148.58
105.46
48.70
1886
160.19
151.53
51.40
1987
311.72
105.72
48.60
163.57
51.50
48.50
1988
317.73
154.16
106.10
48.50
157.58
106.26
1989
325.04
167.45
51.50
340.26
51.40
48.60
1990
174.76
165.50
105.60
第四节
文化程度
建国前的海属地区，经济落后，人民生活贫困，上学者甚少，广大农民绝大多数是文
盲、半文盲。建国后，随着教育事业发展，人民的文化程度有了提高。
1953年，第一次人口普查，未对文化程度进行调查登记。
1964年，全市小学以上文化程度人口44.1万人，占全市总人口的22.1%。
1982年，全市小学以上文化程度人口144.17万人，占全市总人口的50.2%；
1990年，全市小学以上文化程度人口213.03万人，占全市总人口的61.9%；
全市每千人中拥有大学文化程度的人口：1964年为1.51人，1982年为3.1人，1990年
为8.98人。每千人中拥有高中文化程度的人口：1964年为8.47人，1982年为51.87人，
1990年为65.63人。每千人中拥有初中文化程度的人口：1964年为34.37人，1982年为
167.56人，1990年为222.37人。每千人中拥有小学文化程度的人口：1964年为176.2人，
1982年为279.61人，1990年为322.33人。其中以拥有大学文化程度的人数增加最快，
1982~1990年的8年间，增长了2.46倍。
文盲半文盲人口（指12周岁及以上不识字或识字很少的人口，下同）状况：1964年全
市有89.84万人，占总人口的44.9%。1982年，全市有98.59万人，占总人口数的34.4%。
1990年，全市有71.61万人，占总人口的20.8%。其中市区占2.4%，三县占18.4%。
