第二章　棉纺织印染·761·
理230万米。年底，省纺织工业厅投资589.69万元，在连云港市棉织厂扩建1000万米/年
色织大整理二期工程，以解决两市区（连云港市、徐州市、徐州地区)色织中长后整理不
足问题。其中，35千伏输电变电所、10吨/时锅炉房、2000吨/日污水处理工程等配套设施
同时兴建。1984年竣工投产，当年产印染布233万米，色织大整理301万米，创利55万
元，占企业创利总额的62%。同期市棉织厂更名为连云港色织一厂，并增挂连云港印染
厂厂牌。此间市经纬编一厂、东海县染织厂、赣榆县经纬编厂的后整理染整生产线也相继
建成投产。1985年，全市拥有高温高压染色机、布夹丝光机、高温高压坏布染色机、热定
型机等设备23台（套）。1986年，市经纬编厂、针织内衣厂分别从德意志联邦共和国、日
本等国家引进具有80年代先进水平的高温高压染色机、拉幅定型机等染整先进设备，当
年安装投产。染整生产线采用电脑控制，对化纤织物、针织面料进行染色整理，年产能力
为2100吨。1988年3月，市经纬编一厂和针织内衣厂分别增挂市染整厂和第二染整厂厂
牌。1989年，赣榆县印染厂从县经纬编二厂分出，拥有染整、印花两条生产线，主要对纯
化纤及混纺织物进行染色和印花。其中染整年产能力900吨；次年新增LMH55A-200型平
网印花机1台套，年产能力250吨。
1990年，全市印染业有市色织一厂、赣榆县印染厂、市染整厂、市第二染整厂、东海县
染织广5个厂家，主设备有布夹丝光机、高温高压坏布染色机、印花机、树酯整理机等17
台套。年棉印染能力658万米、针织印染能力770万米、色织大整理能力552万米。全市
染整设备从80年代初对中长织物的染色整理发展到对各种纯棉、化纤、混纺布进行染色、
漂白和色织整理。但由于织造与染整能力比例失调，国内纺织品市场竞争加剧，全市印染
布年产量仅保持在400万米左右。
1949～1990年部分年份
连云港市棉纺织、印染业主要产品产量统计表
表15-2
帆布色织布印染布色织
其中
大整理总产量
总产量
棉混纺
纯化
棉混
纯化
（万米）（万米）（万米）万米）（吨）
(万米）纯棉布
纯棉纱
纤布
纺纱
纤纱
交织布
1949
94
1952
14
313
226
1957
397
32
1960
131
1962
260
1965
1970
316
200
318
318
374
1973
358
362
362
175
1974
连云港市志·纺织工业
·762·
续上表
帆布色织布印染布色织
其中
其中
总产量
大整理总产量
棉混
纯化
棉混纺
纯化
（万米）（万米）万米）（万米）
（万米）纯棉布
(吨)
纯棉纱
纤纱
纺纱
交织布
纤布
368
12
183
422
422
1975
380
15
130
607
399
384
607
1976
427
420
176
1903
1903
1977
886
963
501
446
16
15
302
4128
3242
1979
4516
1980
1551
82
349
2965
1619
1009
40
528
222
256
47
230
4789
2970
1805
14
387
1163
26
1981
1772
65
163
151
239
4710
3338
1353
1447
2970
1982
2320
722
19
1805
179
179
315
128
138
469
1439
4717
3052
1486
1983
2223
162
233
108
2000
363
1259
378
4602
2360
1490
1984
752
324
187
413
599
1216
340
4704
2229
1660
1985
2155
815
245
139
299
196
602
1203
4947
2631
1916
1986
2050
400
159
130
114
859
1345
431
4759
2943
1726
90
2363
1987
158
26
243
341
1074
1428
86
5235
3520
1610
2660
105
1988
2943
203
155
303
163
1482
1258
276
5523
3929
1513
81
1989
238
159
184
385
2951
1332
1381
6298
4366
1651
1990
138
281
第四节
主要企业简介
一、连云港市纺织厂
该厂位于新浦区玉带河南首，为市属全民所有制企业，与连云港市第四毛纺厂两块牌
子，一套班子。初建于1971年，时称连云港市纺纱厂筹建处。1973年4800纱锭投产，年
产能力450吨。1976年底，新建2.5万纱锭、500台织布机投产，实现了由单一纺纱到全能
纺织的转变。同年，企业更名为连云港市纺织厂。1981年，该厂纺纱规模增至3万纱锭。
1984年，为开发品种，提高产品档次，扩建一套精梳设备，新增5000纱锭、32台宽幅织布
机。1986年以租赁形式引进4884枚毛纺精纺锭，成立毛纺车间，后增挂连云港市第四毛
纺厂厂牌。1989年引进2000头气流纺设备。厂内初步形成年产能力为各种纱线1万件、
坏布1200万米、毛纺系列纱500吨的规模。以灌云县为原棉供应基地，以上海石化、北京
白布、26支全毛针呢绒、毛腈针织绒、26支腈纶针织绒等。产品主销省内及浙江、山东、陕
西、河南、上海等省、市。企业计量管理、节能管理先后达到国家二级标准；设备管理、档案
管理跨人省级先进行列；安全生产连续7年创部三无”（无公害、无公伤、无死亡）企业；被
